-102.65	109.71	-3.1322
-75.196	157.38	3.0656
-91.405	162.65	-3.1339
-57.036	-62.985	3.137
-60.016	-32.876	3.1082
-65.5	-40.234	-3.1326
-72.608	-39.353	3.137
-55.918	-47.641	3.1319
-62.823	-45.324	3.1292
-61.982	-38.076	-3.1278
-71.216	-37.133	3.1387
-66.047	-44.811	3.1392
-62.135	-28.854	-3.1352
-90.822	14.305	3.1304
76.118	15.943	-3.1304
-81.187	-23.448	-3.137
-64.122	119.79	-3.0767
64.389	14.833	3.0885
-63.669	127.54	-3.1065
56.272	21.916	3.1259
87.716	2.4571	-3.1336
-92.755	116.02	-3.1125
-63.375	154.79	-3.1264
-50.483	-38.059	3.1332
-52.255	-36.803	3.1333
-65.766	-46.09	-3.1349
-61.88	-45.239	3.1371
-66.25	-40.887	3.1227
-62.826	-46.854	3.0993
-52.392	-54.475	3.1004
-56.872	-45.778	3.1027
-53.366	-51.872	-3.0985
-82.665	-13.563	3.1124
-89.949	-41.727	-3.0804
-133.57	-2.2722	-3.0621
63.124	32.528	3.1224
69.906	18.961	-3.1229
-102.59	113.83	3.1277
-61.486	-28.656	-3.1201
-88.962	11.145	-3.1225
-70.147	139.04	3.0632
-141.96	144.77	3.1099
-147.09	133.2	-3.1123
-92.621	139.88	-3.1243
-99.539	165.16	-3.1139
-66.489	-25.485	3.1234
-79.267	-0.13544	-3.1197
96.201	-14.016	3.1276
-74.989	164.96	3.1251
-131.43	144.63	3.0971
-99.897	139.24	-3.0707
-126.23	139.39	3.0623
74.916	-169.09	-3.1206
-50.223	-43.224	3.1112
-104.2	13.368	3.0912
47.442	56.823	3.1373
-77.843	127.24	-3.0767
-76.931	136.64	-3.1339
-70.255	-17.844	-3.125
-65.904	-36.343	-3.0907
-122.3	-32.751	-3.0197
-99.544	-30.597	-3.1145
-142.1	161.76	-3.1384
-102.15	125.22	3.1292
-116.24	6.6333	3.1133
67.883	7.382	-3.0958
-139.67	13.556	3.1097
-118.4	91.744	-3.1358
-56.766	140.31	3.1151
75.084	19.509	3.1393
-88.079	151.49	3.0688
-100.36	160.11	-3.1314
-127.5	63.022	-3.1027
-55.052	-28.305	3.1316
-94.26	4.3266	-3.1274
41.543	68.797	-3.0738
-162.34	149.14	3.1255
-77.728	147.91	3.1243
-62.845	-26.334	3.0954
-61.824	-29.112	-3.1307
-63.849	-27.235	-3.132
-74.849	-10.955	-3.1185
-92.823	-2.0967	-3.1046
-60.399	156.47	3.1011
-72.659	-25.757	3.0995
-90.193	118.37	-3.0924
-80.069	4.324	-3.1077
-49.171	-50.468	-3.1339
-63.581	-44.4	3.124
-60.455	-45.091	3.1125
-62.397	-43.976	-3.1222
-63.649	-39.939	3.109
-70.835	-38.896	-3.1273
-60.053	-44.373	3.1066
-55.785	-32.945	3.1233
-73.263	-45.956	-3.1409
-57.952	-50.915	-3.1102
-65.178	-19.923	3.1242
-93.95	-1.7268	-3.0893
-70.397	-11.13	-3.1371
130.53	-46.814	-3.1342
-92.813	5.257	-3.1355
60.966	-142.02	-3.1211
-79.642	2.0229	3.083
-71.724	-10.262	3.0892
-64.385	-24.028	3.1174
-100.91	109.53	3.1412
-51.993	-44.158	-3.1336
-66.253	-38.036	3.0977
-59.309	-53.22	-3.1382
-53.183	-53.251	-3.1202
-77.798	-21.062	-3.0477
-128.72	-7.8692	-3.1086
-119.77	-47.606	-3.1335
-47.091	124.03	3.1016
74.029	23.549	3.1242
-120.37	168.4	3.1087
-74.618	78.499	3.1291
-61.877	-18.757	3.1152
-58.125	-32.119	-3.1129
-55.704	-28.645	-3.1223
-68.108	-24.336	3.1369
-107.34	0.86934	3.1181
-57.258	132.74	3.1163
83.439	-0.089224	-3.1312
-95.591	145.13	3.0954
-87.926	93.149	-3.121
