-164.69	125.57	3.0896
-60.224	-40.287	-3.0283
-65.819	-53.396	3.0985
-61.901	-47.26	-3.0939
-60.797	-31.388	3.1166
-40.5	-43.517	-3.0209
-107.54	0.1456	-3.0609
-87.031	-46.767	3.0836
-50.03	-58.815	-2.929
-66.936	-48.908	3.0571
-56.193	-36.118	3.0695
-69.884	-41.165	-2.7028
-168.09	26.284	3.0078
-67.829	-34.646	-2.9329
-53.592	-33.372	3.084
-90.675	-28.27	-2.8002
-133.64	156.99	-3.121
-126.35	157.66	3.0292
-111.38	-10.276	-3.1093
-158.4	-61.219	-2.8712
-153.69	172.13	2.9438
82.506	-61.794	3.0148
-63.828	134.53	-2.9906
-108.82	166.16	3.1169
-70.711	68.178	3.0631
-76.468	-63.599	-3.0363
-152.94	21.187	3.0247
-165.53	144.98	-3.1163
-82.413	149.12	3.0457
-65.273	107.66	-3.0005
-78.226	59.83	-3.0848
-79.969	6.1647	-3.0479
-170.89	100.81	3.0479
-111.68	-146.75	2.7388
43.637	58.733	-2.9938
127.17	-42.839	2.9629
-63.892	158.88	-2.9792
-79.495	172.96	2.8138
-61.793	-124.74	3.134
-53.281	133.85	-3.0752
140.12	52.579	-3.1126
-78.269	141.92	-3.1062
-73.35	102.85	3.0428
62.72	59.638	-3.1156
-150.3	169.1	-2.976
-129.18	77.047	3.0227
-73.572	164.62	2.9922
-79.483	158.01	3.0484
-57.053	-21.145	3.0555
-60.318	-51.74	3.0918
-67.33	-42.659	3.0626
-47.937	-45.608	3.1143
-60.717	-34.036	3.0864
-73.252	128.49	-2.8596
-149.23	58.562	3.1019
-133.72	178.92	3.0392
-73.054	134.95	2.6783
-69.886	146.01	-3.063
-171.21	157.68	-3.0813
-54.769	-43.129	3.0057
-46.423	-54.415	3.1355
-70.807	-39.596	3.1353
-60.683	-41.023	-3.109
-54.394	-48.996	2.9959
-52.611	-54.832	-3.0552
-62.52	-32.893	-3.1186
-84.923	-41.872	3.0163
-53.296	-50.613	3.1179
-161.15	95.645	-3.0951
-63.213	-27.429	3.0591
-56.991	-31.509	-3.1143
-71.647	-8.922	-3.023
-130.09	-48.587	3.0901
-140.22	81.489	-3.0369
-83.236	-36.265	-3.1253
-76.944	40.589	-2.9708
-125.04	145.23	-2.9207
-65.848	-15.976	3.1379
-67.165	81.935	2.9996
-72.444	53.713	3.138
-85.107	132.58	-2.9711
-78.683	-66.598	-3.0297
174.06	171.43	-2.9618
-142.13	-178.99	-2.9705
-42.051	-77.573	2.9086
177.18	-59.37	-2.7888
-133.21	-33.668	2.9997
-76.862	-34.806	-3.1068
-47.429	-48.983	-3.049
-70.235	0.28934	3.0207
-109.28	-45.166	-2.9792
-73.027	-54.311	3.1363
-61.096	-47.751	3.0802
-60.498	-33.939	-3.1047
-63.385	-43.495	3.0685
-68.253	-54.648	-3.086
-62.265	-35.475	3.0065
-62.023	-20.246	2.9519
-80.687	-52.853	-3.019
-54.596	-54.595	-2.9301
-81.247	29.554	-2.6446
-169.98	-53.835	-2.7612
