-79.511	149.94	3.083
-82.334	139.61	-3.1311
-117.93	149.53	3.1093
-85.83	-178.89	-3.0993
-75.202	11.046	3.1021
-114.34	1.086	3.1299
84.66	11.717	3.1345
-100.03	148.39	-3.1388
-67.425	144.27	3.1199
-66.045	134.91	-3.1315
-94.171	129.44	3.1307
-57.193	108.64	3.1411
101.91	-3.3915	3.1415
-77.452	164.86	3.1396
-105.96	126.64	-3.1262
-132.02	159.39	3.0835
-97.537	136.25	3.1199
-99.423	97.577	-3.1046
-90.505	158.93	-3.1193
-89.857	146.55	3.1111
-61.586	-50.603	3.1254
-62.455	135.11	3.1411
-76.46	-3.6665	-3.1238
-84.955	-31.73	-3.1272
-101.08	167.63	3.1266
-103.57	-154.08	-3.1389
-90.329	179.85	3.1376
-83.296	140.92	3.1019
-154.72	-170.16	-3.1205
-116.94	150.41	3.1306
-155.86	154.31	3.1331
-87.101	132.22	3.1124
-129.87	156.41	-3.1339
62.837	-131.29	-3.1379
-87.688	4.0989	-3.114
-61.869	128.68	3.1151
-91.608	-33.884	3.123
-102.57	153.82	-3.138
-72.233	84.859	-3.1087
-98.136	-11.717	-3.1201
-92.978	126.33	3.1235
-82.529	123.63	-3.0984
-132.47	162.82	3.0734
-99.615	124.9	-3.1358
-60.353	142.67	3.1383
-87.458	-14.84	-3.1281
-89.803	111.82	-3.1343
-57.226	-23.622	-3.137
-86.93	-11.503	-3.1301
-86.456	114.66	-3.1382
-78.821	-15.181	3.1273
85.124	-164.51	-3.133
-93.76	137.62	3.1256
-61.295	131.27	-3.1293
-111.49	127.38	3.1125
-84.159	121.21	-3.119
-111.24	119.13	3.136
-138.25	159.34	3.1394
-128.43	141.18	3.1412
-65.181	-20.033	3.1377
-64.957	142.26	3.1301
-79.949	63.618	3.1159
-121.67	159.09	-3.1291
-91.943	-32.944	-3.1153
-117.84	131.11	-3.129
-73.138	134.12	-3.1396
-123.19	162.02	3.1226
-59.051	144.7	3.1296
83.605	-15.567	3.1339
-67.933	136.81	3.1315
-68.978	136.13	-3.1286
-127.6	159.69	3.0941
-125.79	132.64	-3.1378
-111.88	133.25	-3.1046
-142.77	125.36	3.1328
-70.077	146.19	3.0776
-79.3	177.47	-3.1377
-61.267	140.98	3.1219
-149.22	167.74	-3.089
-72.925	124.61	3.1225
-138.98	155.71	3.1218
-68.663	154.84	-3.1021
-45.051	-43.149	-3.1246
-53.845	-31.248	-3.0944
-98.704	7.6609	3.1401
-65.795	134.18	3.1173
96.514	-6.5258	-3.1355
-68.028	150.48	3.1316
-69.713	141.19	-3.1213
-112.59	19.524	3.1312
-82.128	139.87	3.1387
-73.044	139.3	-3.1402
-137.45	153.98	3.0765
-108.1	126.89	-3.1266
-109.73	127.43	-3.093
-62.105	-93.566	-3.1122
-54.072	104.99	3.1278
-165.43	143.32	-3.1366
-54.474	-41.493	-3.1232
-77.209	-1.2116	-3.1268
101.43	-176.48	3.1401
-62.693	126.63	-3.1053
-112.16	153.14	3.1197
-89.542	124.07	-3.1071
-137.71	162.95	3.0631
-120.98	-170	-3.1226
80.174	-172.06	-3.1306
-85.877	124.11	3.1367
-136.43	132.59	3.1405
-87.645	-44.282	3.1397
-73.267	18.75	-3.1206
-74.165	130.13	3.1383
-75.881	153.05	3.124
-97.314	139.37	-3.1327
161.81	-167.81	-3.1334
-138.06	157.14	3.0846
-96.426	155.68	3.117
-144.85	156.27	-3.1332
-116.97	141.9	-3.1337
-138.62	136.7	3.1334
-61.484	142.74	3.1384
-105.62	149.62	3.1303
-141.17	168.86	3.1026
-128.14	148.74	3.1106
-90.808	147.39	-3.127
-137.3	147.12	3.1042
-119.57	135.14	-3.1362
-123	108.37	3.1335
-73.386	169.53	3.1398
-111.16	142.42	3.1165
-68.739	140.2	3.1014
-87.021	125.49	-3.1388
-129.18	-168.46	-3.1328
-114.3	142.92	3.1018
-129.21	114.58	-3.1162
-91.338	133.74	3.0916
-100.03	103.94	-3.1037
-64.485	-13.232	3.1177
-80.388	-52.785	3.1366
-93.316	4.9285	3.1394
60.773	-6.6808	-3.1288
-55.618	137.3	3.1264
-110.32	93.443	-3.1091
-83.659	140.29	3.1153
-85.261	118.23	-3.1346
-136.08	157.61	3.0945
-83.507	123.93	-3.108
-145.78	135.37	3.1213
-65.431	-7.7671	3.13
-68.688	-167.62	3.1406
-61.401	117.31	-3.1408
-62.811	156.03	3.1231
-79.792	123.92	-3.1405
-98.454	123.3	-3.0975
-124.45	167.11	3.1015
-133.01	159.79	3.1388
-119.49	136.12	3.0947
-122.04	121.13	-3.1348
-63.15	143.41	-3.1352
