-66.852	136.43	-3.1289
-126.45	167.51	3.0557
-120.5	140.29	-3.1266
-104.77	105.21	-3.1326
-84.741	122.29	3.1167
-90.783	134.93	3.1176
-62.905	-26.461	-3.1253
-79.096	74.526	3.1286
104.51	-16.372	3.1359
76.178	36.624	3.0789
-94.425	147.14	3.049
-94.042	139.69	3.107
-67.478	130.18	-3.1183
-119.76	134.06	3.1088
-118	113.01	-3.1181
-82.906	153.37	3.123
-56.304	-25.129	-3.1384
-89.429	3.2793	3.1092
100.48	-6.5327	-3.1343
-77.251	147.02	3.1133
-123.69	134.55	3.077
-159.11	-163.08	3.128
-130.32	153.4	3.1066
-145.29	150.06	3.1323
-92.571	-15.135	-3.0861
-76.244	114.87	-3.116
-67.594	-13.813	-3.1224
-84.442	-7.78	-3.1332
-61.167	128.16	-3.1359
-68.801	-21.505	-3.08
-90.047	9.7964	3.0927
-103.5	-0.60725	3.0946
-84.141	115.53	-3.1173
-115.98	154.74	3.0546
-112.64	120.95	3.1096
-100.51	105.69	-3.1263
-101.17	131.38	3.1322
-77.024	145.47	3.0793
-118.76	-108.66	3.0672
-74.923	163.74	3.1088
-51.61	123.56	3.1078
82.689	5.8163	3.1259
-118.91	138.38	3.1077
-137.88	164.38	3.0196
-114.07	152.31	-3.1194
-123.55	114.16	-3.1159
-111.46	137.22	3.0681
-83.991	118.79	-3.0828
-58.573	-46.669	-3.1064
-77.063	-41.34	3.1363
-71.4	-26.111	-3.1138
60.367	41.676	-3.1388
-136.29	155.72	-3.1209
-107.91	135.83	3.1069
-63.927	135.22	3.1055
-136.07	144.75	3.0808
-110.53	127.97	-3.138
-88.755	166.41	-3.1145
-61.286	-18.583	3.1258
-102.88	7.1104	3.1088
94.349	-5.2126	3.1306
-67.19	151.33	3.0547
-113.4	130.6	3.0824
-154.97	173.53	-3.1183
-122.47	126.01	-3.1137
-96.781	145.31	3.1114
-71.659	-26.73	3.1362
-118.68	157.74	3.1336
-86.293	124.97	3.1029
-129.96	-179.83	3.1334
-62.502	-15.374	3.1392
-88.994	0.96862	-3.0981
-99.851	4.9945	-3.1167
-108.67	136.83	-3.1322
-130.18	145.17	3.0576
-79.195	124.43	3.0937
-98.932	123.52	-3.1297
-125.84	137.76	3.0684
-91.277	108.14	-3.128
-75.093	169.46	-3.1284
-54.74	-27.709	-3.1398
-91.735	9.3608	3.0871
70.819	20.228	3.0292
-106.22	157.43	3.0982
-100.29	155.47	3.0403
-128.35	154.79	-3.1143
-132.44	108.77	-3.0823
-110.36	129.06	-3.1129
-59.727	132.27	3.127
-71.884	-29.069	3.1324
-83.432	-47.523	-3.1216
-108.38	80.714	-3.0048
-56.063	-13.581	3.1183
-103.82	-1.0551	-3.0578
-107.28	140.84	-3.1187
-115.46	154.31	3.05
-73.679	135.2	-3.0931
-158.17	153.16	3.1123
-124.39	144.16	3.074
-84.792	164.57	3.1282
-69.082	-3.7806	3.1019
-91.467	-12.209	-3.1333
97.359	-5.0106	3.1036
-88.855	150.7	-3.1279
-73.56	158.23	3.1175
-101.68	131.01	3.1297
-52.11	133.54	-3.1221
-53.62	-36.967	-3.1146
-68.036	-11.418	-3.1322
-106.51	3.0959	-3.129
-94.506	164.98	3.1022
179.1	165.31	3.1183
-59.282	143.92	-3.1386
94.746	-8.8272	3.1225
-85.668	140.88	3.0837
-69.406	-28.914	-3.0872
-55.704	-26.622	-3.075
-92.926	-1.4269	-3.0606
-93.755	126.02	-3.1233
-129.9	151.61	3.0908
-121.7	104.7	3.0928
-68.587	129.57	-3.1371
-125.87	157.04	3.1336
-71.784	156.24	-3.1334
