-105.75	-9.8627	3.1047
-132.41	148.05	3.1247
-151.73	167.76	-3.072
-154.74	153.27	-3.1301
-144.28	131.85	3.1109
-105.91	120.2	-3.0548
-92.748	132.6	3.1371
-147.59	154.53	3.1099
-154.07	-165.57	-3.1316
-77.459	-17.641	3.1383
-113.46	-146.54	-3.0429
-88.016	-3.9411	-3.1211
-72.656	127.39	3.1221
-140.44	153.75	3.0608
179.1	163.6	3.1302
-125.16	121.81	3.0939
-113.52	132.72	3.096
-112.65	145.58	-3.054
-129.33	142.24	3.1141
-143.58	134.62	3.1306
-83.253	138.21	-3.1119
-146.05	92.292	-3.1065
65.216	-130.56	-3.1269
-95.654	21.414	-3.1242
-117.8	162.52	3.0368
-127.76	123.34	3.1229
-100.11	120.09	3.1158
-111.36	124.55	-3.0922
-130.18	160.53	3.1004
145.18	-158.23	-3.0869
-160.23	146.57	3.1356
-123.63	136.1	-3.1103
-122.76	170.05	-3.0835
76.86	10.528	-3.0813
-90.695	151.67	2.989
-72.45	128.57	3.091
-39.095	144.3	-3.0924
115.22	-165.9	-3.0556
-94.321	131.3	3.0909
-127.55	134.03	3.1002
-60.084	141.4	-3.0724
-134.86	98.371	-3.063
-128.62	156.61	2.9834
-92.139	113.48	3.0711
-90.294	162.69	-2.994
-65.16	-48.236	-3.0948
-100.03	146.85	3.0499
-94.614	39.215	-3.1297
-100.13	107.66	3.0943
-101.66	19.647	-3.0788
-67.355	-20.976	3.1136
-124.38	45.253	-3.0856
65.186	-144.98	-3.1141
-79.448	-14.261	-3.1092
-74.823	-27.092	3.1043
-77.639	-3.1033	3.0074
-67.014	-7.1219	3.1038
70.211	-155.9	-3.1382
-93.127	-175.1	-3.0962
-61.595	142.54	3.0827
-62.251	112.02	-3.1118
-137.59	69.846	-3.1227
-64.994	-31.405	3.1078
-93.249	22.777	-3.1043
30.882	61.517	3.0743
-99.238	178.72	3.0954
-90.642	150.51	3.0868
-57.191	136.19	3.0953
-145.28	-161.08	3.074
-107.47	170.35	-3.0786
-56.66	-37.775	3.1348
-74.817	-19.818	-3.111
-78.143	158.38	3.105
-86.066	-31.476	3.0684
-95.795	102.02	3.1398
-163.8	165.31	3.0368
-74.395	154.1	3.0355
-62.965	-34.909	-3.1222
-81.831	1.3108	-3.1221
-76.209	99.409	-3.1194
-107.28	22.834	3.0882
66.419	-128.98	-3.0055
-125.38	154.77	3.0479
-115.62	149.3	-3.0809
-120.06	120.71	3.1091
-95.239	138.28	3.1061
-72.775	-164.49	-3.0925
-82.765	-23.058	3.048
-74.407	-16.41	3.0832
98.031	13.48	-3.1006
-107.48	128.49	3.1011
-117.73	124.4	-3.116
-95.738	122.24	-3.0624
-94.992	134.57	3.0861
-155.56	86.504	-3.1243
-122.5	142.23	3.0477
-115.77	125.9	-3.0978
-133.8	141.69	-3.1204
-97.298	-13.53	-3.1324
-92.674	-43.699	-3.1413
-71.22	153.08	3.045
-148.02	165.99	-3.1151
-97.736	5.1045	3.1042
-158.98	166.41	3.1411
78.067	-166.13	-3.0895
-58.657	-37.191	-3.1077
-99.331	34.77	-3.0948
-72.153	130.39	3.1089
-94.641	-1.9205	3.1278
-61.094	127.8	-3.1222
87.62	3.3226	3.0895
-107.56	174.54	-3.0787
-104.91	128.27	2.9594
-83.84	125.9	3.1306
-122.99	134.95	3.0797
-113.3	120.41	-3.0275
-94.512	164.59	-3.1373
-59.962	-53.646	-3.1253
-110.53	160.09	3.1118
-59.076	147.87	3.0884
-78.858	122.97	3.0751
-77.957	6.4243	-3.0827
49.979	31.308	-3.1264
76.525	14.626	3.1316
-106.89	3.2873	-3.0925
-73.126	165.5	-3.1066
-99.406	50.54	-3.1228
-155.9	170.17	3.1377
-60.797	-44.78	-3.1125
-50.93	-43.31	-3.1328
-53.39	-35.899	-3.1386
-83.745	-6.0173	3.0997
-104.27	-52.991	-3.0819
-122.54	-1.7067	-3.0647
68.996	20.723	-3.0719
52.23	38.194	-3.0945
-79.603	-8.153	3.0703
73.277	-156.79	-3.0774
-60.821	157.26	-3.1157
-95.713	116.25	-3.0353
-82.825	-33.451	-3.1013
-160.05	156.17	-3.1119
-162.81	164.86	3.0315
-162.62	158.91	3.0625
-76.039	134.51	3.0564
-77.679	119.43	-3.1061
-115.9	162.15	3.1215
-72.935	138.89	-3.0835
-123.36	158.98	-3.104
