-100.03	47.306	-3.1378
52.042	175.49	-3.1404
-171.98	39.831	-3.1367
-144.5	-129.24	3.0089
-106.96	153.51	-3.0901
-81.503	148.48	-3.1248
-78.058	118.15	-3.0012
99.236	7.6611	3.0556
-67.58	101.81	3.1179
-99.851	106.86	-3.1344
-50.093	-25.672	3.1089
-59.177	-18.459	-3.1399
-82.849	-10.718	-3.113
-114.28	15.039	-3.029
-71.397	125.24	2.9877
109.2	-34.658	3.1248
-114.76	127.73	2.9441
-142.63	126.28	3.1211
-112.6	129.41	-3.1094
-89.818	96.569	3.1018
-65.627	-33.845	3.0793
-165.84	146.85	3.0417
-128.36	135.57	-3.0903
-146.48	162.26	-3.1216
-124.8	147.35	3.1331
-69.65	-33.322	3.0945
-135.94	129.67	3.0662
-37.209	-9.9977	-3.0675
-77.736	-35.049	3.0676
-80.545	-15.867	-3.135
-112.14	3.743	-3.1223
-54.691	131.32	-3.1404
110.98	135.12	-3.1353
-40.786	-39.069	-3.1341
-104.89	-12.997	-3.1414
58.973	147.44	-3.1392
-75.9	-39.211	-3.1216
-102.64	33.493	3.1304
-117.35	70.699	-3.1027
-115.76	151.11	3.1071
-97.148	138.26	-3.0726
-88.364	131.3	3.118
-93.699	-44.067	-3.1347
-157.64	140.78	3.1258
-106.81	136.58	3.1207
-123.69	92.311	-3.0984
-65.74	124.09	3.1097
-48.636	174.46	-3.1232
-49.533	-15.095	3.128
149.64	-5.7465	-3.1112
-83.412	-48.739	3.1361
-136.42	-179.01	3.0995
-122.82	117	-3.1295
-98.688	109.11	-3.1117
-119.53	131.31	3.1125
-103.75	150.81	-3.1353
-139.48	173.7	-3.1177
-99.085	144.34	-3.1315
-128.41	136.42	-3.1133
-85.017	124.51	3.1001
-123.6	146.22	-3.114
-23.287	-37.586	3.13
-149.27	-17.963	-3.1231
-95.273	170.82	3.0562
-114.89	91.004	-3.1269
-83.933	153.29	-3.1244
-117.95	143.94	-3.1262
-107.41	153.23	-3.1172
-105.24	125.56	3.0362
-119.13	108.48	3.0536
-109.11	113.48	-3.0143
-127.27	103.17	3.0762
-118.7	117.56	2.9196
-94.254	116.94	3.0681
33.887	-128.19	3.097
-43.045	-24.971	3.1244
80.072	93.062	3.0283
-119.81	-58.964	-3.1091
-154.35	5.7489	3.1227
-123.3	133.33	-3.0394
-142.31	148.61	3.0232
-99.167	131.15	3.0364
-113.96	138.8	-2.9773
-123.8	60.521	3.1281
-158.27	139.09	3.1355
68.777	40.745	3.1138
71.243	25.702	3.1262
-117.29	147.75	-3.1342
-156.05	-10.742	-3.1178
-157.49	130.44	-3.1275
-124.27	141.7	-3.128
-118.09	108.86	3.1204
-93.277	106.57	-3.1199
-80.664	-26.171	-3.1176
-158.23	161.37	3.1166
170.07	113.7	3.0905
57.281	-1.5618	3.0464
-92.656	-22.04	3.0745
-122.73	-34.562	3.1288
136.95	-25.984	-3.1219
-114.83	174.11	-3.1283
-131.35	147.67	-3.1126
-134.05	111.03	3.0534
-162.2	144.17	-3.1144
-119.36	162.69	3.0861
-109.09	147.62	3.1316
-173.83	159.9	-3.1101
-130.22	75.826	3.0454
26.391	-40.906	-3.0715
-50.3	-50.458	3.0348
-171.26	60.32	-3.0399
-110.57	-12.502	-3.0868
-57.856	-20.425	3.0786
-92.457	20.813	3.1156
-121.97	-14.797	-3.1199
-55.002	109.66	3.106
-126.86	115.87	-3.0463
-91.773	149.07	-3.136
-133.62	130.33	3.0886
-106.34	115.71	3.1341
-93.008	150.63	-3.0819
-109.63	168.77	-3.0832
-177.95	-36.455	3.0803
14.528	167.75	-3.1384
-71.88	10.205	2.9701
-158.54	147.75	3.0243
-77.356	85.178	-2.9754
-131.33	150.81	3.035
-43.862	-3.0278	3.1315
-43.313	-39.482	3.0803
-72.407	-32.708	-3.1298
-67.155	-52.672	3.1096
-56.759	-48.303	3.0834
-64.561	-8.6511	-3.1159
-89.777	-42.764	3.0897
-41.637	-34.363	2.9866
-101.97	-30.23	-2.9401
-76.169	-64.608	3.0077
-117.18	-14.511	3.1273
-90.347	-3.1924	-3.0238
-65.54	-23.177	-3.081
-94.927	173.24	3.134
-90.805	50.548	3.1032
-28.856	150.77	-3.1265
-106.7	-16.989	3.0331
-141.47	114.77	-3.0616
-123.74	146.02	-3.1384
-139.35	138.99	3.1367
-151.18	134.65	-3.1402
-118.26	170.89	-3.1395
-86.505	159.89	-3.1177
-75.687	-19.804	-3.1262
-53.79	-53.834	-3.1321
-76.312	-21.65	-3.1383
-51.394	-19.205	3.1394
-84.062	2.7431	3.1375
-120.16	149.13	-3.1404
-93.258	139.65	3.1408
51.93	-122.96	-3.1406
-108.8	-40.691	-3.1402
