-103.23	128.37	3.1114
-121.57	142.36	3.1346
-140.6	149.01	3.0563
-117.83	127.06	-3.1195
-131.72	120.38	3.0693
-91.434	113.48	3.132
-103.22	108.22	-3.0701
-45.21	120.57	3.1286
37.742	56.713	3.082
-61.283	131.13	-3.1279
-168.37	-170.17	-3.1088
-60.937	-35.35	-3.1162
-66.508	-49.348	-3.116
-65.17	-44.473	-3.1197
-70.408	-18.959	3.0992
-65.599	-38.962	-3.1188
-80.404	105.82	-3.037
-52.999	-23.445	-3.1247
-77.971	-57.466	3.1185
-56.164	-46.342	-3.1317
-56.974	-38.011	-3.0842
-59.306	-45.438	-3.1177
-67.001	-55.43	3.0924
-46.799	-51.115	-3.1101
-57.147	-40.863	-3.1183
-66.873	-39.9	3.12
-66.122	-50.042	-3.1131
-57	-36.244	-3.0919
-68.851	-9.8116	-3.1336
-75.26	-27.226	-3.0134
-105.9	157.98	3.1237
-93.556	-31.336	3.0927
-144.54	130.21	3.0888
-138.87	131.52	3.062
-93.522	124.8	3.0845
-108.77	134.16	3.1393
-120.26	160.86	3.1247
71.475	43.991	3.1028
-90.119	100.84	3.1211
-107.58	78.705	-3.069
-136.16	84.859	3.1265
-48.685	-50.955	-3.1169
-96.937	16.91	3.1365
49.501	23.988	3.0944
-69.575	-44.131	3.0989
-69.719	-43.256	3.1074
-57.94	-38.901	3.0844
-64.838	-49.091	3.1335
-50.494	-51.652	-3.1115
-51.897	-51.948	-3.1232
-63.892	-29.786	3.1085
-65.108	-41.644	-3.1256
-67.336	-49.323	-3.0897
-58.807	-37.4	-3.0966
-105.29	25.724	3.1309
-71.333	-30.876	-3.1259
-88.461	-18.34	-3.117
-170.33	135.28	3.1399
-76.19	-3.4935	3.1112
-127.19	38.315	3.0702
-82.3	-41.571	3.0983
-139.67	133.9	3.0299
-113.37	168.51	3.1302
-145.53	166.74	3.0766
-134.26	134.53	-3.1249
-135.34	149.48	3.1412
-102.44	169.39	3.0919
-70.253	169.88	3.0856
-66.238	126.22	-3.1039
-110.16	137.63	3.1213
165.8	151.51	-3.122
-78.652	-36.103	-3.1383
-122.25	-142.91	3.1376
-62.237	-37.363	-3.1393
-67.128	128.92	-3.1296
-142.06	144.29	3.0868
-138.66	150.22	3.1355
-111.86	158.47	3.0818
-111.16	123.31	-3.1191
-116.91	120.31	3.1088
-104.45	112.32	3.1241
-100.11	141.56	-3.1075
-155.98	150.75	3.1212
-85.868	96.11	-3.1233
-49.444	-24.832	-3.1077
-82.934	-8.9177	3.1141
-110.05	-17.7	-3.0015
-159.86	160.97	3.1037
-142.34	149.56	3.0954
-77.461	145.43	-3.1126
-118.76	-18.147	-3.1292
175.59	162.57	-3.1303
-152.02	159.55	3.0694
-169.23	155.83	-3.115
-96.483	115.33	-3.0916
-129.45	142.08	3.0984
-70.407	-46.592	3.127
-124.6	80.852	-3.0795
-50.247	134.78	-3.1328
-57.786	136.58	3.0454
-95.019	131.07	3.0857
-117.02	127.97	3.1342
-119.12	143.05	3.1231
-109.9	126.85	-3.0984
-120.47	147.71	3.0807
-104.63	131.96	-3.1115
-131.22	106.62	-3.1124
-74.538	-32.519	-3.064
-87.55	5.9657	-3.0952
-121.28	169.74	3.1195
-58.205	-54.833	3.1032
-77.854	134.22	-3.1059
-93.558	-40.474	3.1307
-132.75	140.16	-3.0922
-159.77	154.78	3.1272
-113.02	156.47	3.1113
-125.49	121.37	3.1104
-102.07	129.15	-3.1037
-103.27	136.85	3.1043
-146.37	127.07	3.0291
-116.86	98.858	-3.0623
-76.372	170.91	3.0674
-89.983	127.57	-3.0732
-53.278	-46.292	-3.1172
-72.594	-10.947	-3.1119
-139.48	29.927	-3.1097
-62.436	-47.282	3.1267
-53.241	-57.383	-3.1283
-54.789	-39.254	-3.0508
-77.809	-36.724	3.1123
-67.585	-34.347	-3.0846
-68.365	-40.935	3.0694
-63.117	-26.249	3.097
-57.849	-18.611	-3.1034
-70.335	-43.319	3.0821
-58.139	-50.852	-3.0827
-55.102	-38.845	-3.1321
-58.704	-53.972	3.1276
-57.277	-40.944	3.1089
-57.298	-52.853	3.1347
-57.453	-43.697	-3.1262
-59.802	-47.609	-3.1291
-61.247	-49.989	-3.1028
-63.604	-53.672	-3.0707
-100.79	-9.3949	3.1212
62.696	39.514	-3.0833
-124.65	133.24	-3.1239
-100.71	-27.353	-3.1132
-80.254	99.039	-3.0996
-140.48	126.66	3.1068
-103.82	125.04	-3.1071
-115.62	122.99	-3.0485
-149.2	160.22	-3.1255
145.63	-173.05	3.1219
-87.273	82.229	3.1353
-83.276	-1.7429	-3.0933
50.64	35.146	-3.067
-79.11	45.553	-3.1229
-168.08	-174.34	3.1362
44.909	-125.02	-3.1305
-69.957	-20.911	-3.0763
-90.602	-19.399	3.0997
-149.29	107.15	3.1227
-90.835	169.64	-3.1193
-49.817	-46.805	3.1324
-72.705	-28.774	-3.1024
-73.226	-18.683	-3.1335
-62.944	-26.933	-3.1242
-67.769	-25.001	-3.1363
-96.309	19.808	-3.1328
-117.98	101.85	3.1265
-54.502	-35.437	3.1004
-66.908	-21.525	-3.129
-93.475	-56.226	-3.1137
-62.838	-35.108	3.1296
-64.483	133.97	3.1161
-80.922	0.47123	3.096
-67.393	-36.277	-3.1081
-95.811	133.42	3.0467
-112.79	124.8	3.1243
-88.23	101.23	-3.1261
-66.867	-33.41	3.1213
-103.88	108.58	-3.1172
-71.489	163.85	-3.1091
-70.529	-7.6469	-3.0993
-92.988	-8.1687	3.1282
-76.123	148.65	3.0714
-106.81	118.15	-3.126
-119.56	11.447	3.1023
-109.32	149.12	3.141
-82.431	-18.012	3.0858
-74.974	175.02	-3.1386
-61.582	-38.965	3.1396
-51.369	148.78	3.1217
-112.5	73.374	-3.066
-120.58	148.91	3.1094
-99.78	68.921	3.1251
-70.14	-55.803	-3.1091
-78.158	132.79	-3.1067
-140.32	164.38	3.0803
-135.64	116.58	3.1306
-114.79	139.91	3.1275
-134.09	135.43	3.1006
-119.17	158.34	3.1326
83.424	137.06	-3.0865
-78.448	-22.583	3.0801
-66.766	-57.786	3.1027
-54.556	-61.27	3.1411
-46.711	-38.706	-3.1239
-77.615	-9.7151	-3.0497
-96.913	-6.4202	3.1229
-75.241	134.27	3.0879
-88.647	113.88	-3.1097
-54.697	138.55	3.1031
78.425	6.1022	3.1272
-90.511	-29.455	-3.1214
-77.213	132.87	3.076
-175.56	163.7	3.0289
-67.274	155.81	-3.1346
-119.15	104.92	-3.1363
-88.565	100.74	-3.1096
-74.375	-25.606	3.1291
-58.637	-60.386	3.0967
-60.161	-53.366	-3.1094
-55.753	-36.891	-3.0703
-104.49	5.5111	3.1274
47.747	54.22	3.1301
-93.143	161.12	3.112
-85.696	151.34	3.1187
-48.543	-42.023	3.1209
-65.962	-40.373	3.1275
-66.308	-50.711	3.1183
-48.68	-56.053	3.1266
-59.865	-29.205	-3.1348
-66.261	-29.126	3.0735
-82.127	-46.862	3.1168
177.82	150.53	3.1262
-86.145	-2.7611	-3.115
-121.36	155.94	3.0511
-107.64	154.17	3.0608
-66.598	147.63	3.0314
-110.96	139.74	-3.103
-139.74	168.95	-3.1313
-152.83	170.33	3.1033
-137.14	128.25	3.1204
-101.9	152.04	-3.0959
