-170.98	82.887	-3.1259
-156.59	-65.721	-3.1328
-61.413	-78.283	-3.1197
-44.764	-40.289	3.1408
-42.551	-32.13	3.1261
-72.051	-45.565	3.1409
-66.478	-47.241	3.1277
-56.627	-30.695	3.1218
-71.388	-38.391	3.1254
-62.337	-48.327	3.1262
-52.336	-57.057	-3.122
-47.164	-36.692	-3.1253
-86.36	-35.866	3.1259
-57.472	-35.825	3.1306
-102.71	2.5728	-3.1209
59.572	47.534	-3.1096
-77.697	-15.719	3.1289
-91.104	8.5183	-3.136
-66.772	-159.78	3.1119
-99.464	-55.244	3.1373
-38.453	-32.134	3.1305
-88.928	-28.52	3.1256
-81.721	18.903	3.1231
-119.89	177.1	-3.1385
58.692	41.422	-3.1279
61.626	-135.12	3.1074
-133.91	154.09	3.1285
-81.944	-56.497	-3.0792
-110.27	-47.083	-3.1332
-44.913	-55.497	3.1326
-52.132	-57.771	-3.129
-59.304	-28.899	3.1255
-69.538	-32.298	3.1346
-70.761	-37.468	3.1386
-59.986	-5.9631	-3.1075
-130.45	122.81	-3.1373
-112.16	-35.05	3.122
-55.018	144.37	-3.1392
-67.146	-51.785	-3.1291
-48.021	-42.711	-3.1402
-65.019	-59.487	-3.1227
-49.15	-29.179	3.1278
-66.299	-43.352	3.1264
-55.738	-44.15	-3.1345
-73.547	-43.753	-3.1131
-64.565	-41.09	3.1066
-47.967	-51.492	3.1338
-63.477	-42.467	-3.1352
-64.783	-36.615	-3.1362
-72.163	-46.263	3.1253
-59.278	-33.848	3.1242
-63.478	-52.961	-3.1285
-61.733	-36.268	3.1311
-64.565	-40.248	3.123
-63.045	-41.036	3.141
-67.003	-43.17	-3.1148
-62.773	-35.722	3.1305
-55.735	-28.296	-3.1396
-80.904	-10.563	-3.1065
-105.44	-10.296	-3.0975
-46.355	-30.988	3.1411
-89.69	-23.318	-3.1216
-63.398	108.58	-3.1305
-53.811	-51.72	-3.1227
-57.348	-25.344	-3.0836
-122.92	-14.801	-3.1136
-45.371	-54.014	-3.1244
-50.309	-56.39	3.1377
-50.036	-41.549	3.1414
-61.894	-48.251	3.1234
-58.621	-41.809	3.1356
-60.595	-54.145	3.1364
-60.899	-45.588	-3.1387
-53.625	-56.451	-3.1313
-58.875	-52.941	3.1381
-54.023	-39.754	3.1377
-66.64	-42.073	3.1309
-57.373	-42.499	3.1285
-64.405	-61.123	-3.1302
-52.201	-47.656	-3.102
-69.453	-48.634	-3.1224
-89.147	-1.4971	3.1374
59.893	51.255	3.1166
56.576	11.07	3.1368
-88.835	105.85	-3.1096
-62.694	-41.928	-3.1176
-58.698	-33.095	-3.1269
-70.951	-59.941	3.121
-49.984	-38.619	3.1345
-64.405	-52.929	3.137
-58.424	-34.171	3.1214
-62.888	-60.691	3.1379
-56.583	-35.114	3.116
-63.881	-35.013	3.1324
-72.633	-53.062	-3.1272
-61.415	-19.43	-3.1039
-94.122	-8.2891	3.1107
-59.634	143.05	3.1204
-89.455	123.38	-3.1291
-69.327	-17.605	-3.1085
-88.397	-31.172	3.1365
-51.85	113.67	-3.1251
-52.01	-34.859	-3.1354
-67.417	-50.469	-3.1289
-58.807	-40.024	3.1383
-59.002	-49.697	-3.1258
-61.72	-41.998	-3.1414
-65.946	-33.054	3.1209
-68.294	-46.029	3.1407
-58.697	-34.361	3.1358
-65.65	-61.056	-3.1258
-63.96	-6.9324	-3.1109
-43.59	-61.797	-3.1226
-49.369	-54.681	3.1311
-60.211	-37.268	3.1392
-63.023	-35.723	3.1287
-64.202	-39.357	-3.1336
-63.711	-65.522	-3.1355
-56.204	3.5048	-3.1331
-68.22	-64.71	3.1369
-54.614	143.83	-3.1361
-53.134	-106.82	-3.1314
-44.395	-101.32	-3.1111
-37.595	-45.278	-3.1159
-42.491	-31.984	3.134
-71.29	-43.145	-3.1414
-68.896	-47.255	3.1278
-55.609	-29.897	3.1216
-71.89	-42.771	3.1174
-59.865	-44.398	3.1248
-55.075	-59.079	-3.1409
-47.026	-34.582	-3.1394
-87.096	-38.182	-3.1401
-56.921	-34.331	3.1368
-104.37	7.0484	-3.1321
56.826	42.903	3.1357
-80.71	3.2038	3.1211
-99.014	-11.874	3.1346
-58.145	159.09	-3.1316
-71.292	-30.125	-3.1163
-76.225	-13.071	3.1337
-81.982	-36.293	3.1279
-85.852	53.388	-3.1337
-119.43	179.51	3.1396
42.705	29.768	3.1395
85.33	-161.7	-3.1236
-114.4	148.8	3.1316
-75.409	-60.743	-3.0667
-105.89	-50.455	-3.1175
-40.682	-60.414	3.1164
-47.759	-60.044	-3.1269
-57.423	-32.699	-3.1398
-66.233	-30.722	3.1351
-70.442	-44.919	3.1397
-53.527	-7.2412	-3.1017
-127.96	126.58	-3.136
-115.89	-34.139	3.1142
-57.74	149.07	-3.1214
-72.202	-51.848	3.1389
-45.293	-45.899	3.1312
-65.855	-61.634	3.1355
-43.505	-32.063	3.1215
-66.727	-47.725	3.1308
-49.761	-45.461	-3.1278
-73.867	-40.713	-3.1404
-65.983	-40.742	3.1289
-48.363	-54.585	3.1376
-61.925	-42.08	-3.1398
-63.088	-36.392	-3.1358
-75.714	-39.833	3.1299
-63.584	-36.177	3.1199
-62.266	-52.957	3.1323
-61.461	-34.3	3.1222
-67.771	-36.772	3.1313
-65.611	-44.847	-3.1376
-63.286	-46.954	-3.1287
-59.406	-31.987	3.1272
-59.634	-29.296	3.1384
-79.685	-4.0913	-3.1185
-112.9	-8.3159	-3.0885
-48.538	-31.745	-3.1406
-88.74	-23.338	-3.1408
-61.117	102.2	-3.1227
-48.119	-51.644	-3.1147
-59.974	-28.025	-3.1
-119.22	-11.363	-3.121
-45.959	-55.72	-3.1251
-50.717	-54.878	3.1353
-52.979	-39.636	-3.1267
-61.845	-48.269	3.1248
-57.81	-43.79	3.1409
-58.243	-53.341	3.1402
-62.6	-40.605	-3.1273
-57.587	-53.625	-3.1411
-61.845	-58.288	3.1414
-51.01	-36.604	3.134
-69.857	-40.456	3.1379
-56.674	-39.973	-3.1373
-65.149	-59.978	-3.1228
-56.349	-38.314	-3.1198
-78.986	-47.749	-3.1211
-89.148	-5.7115	3.1381
62.37	49.141	3.1302
59.045	4.4887	3.1304
-79.481	105.43	-3.1161
-65.426	-42.913	-3.13
-59.448	-29.761	-3.1295
-72.236	-54.708	3.1294
-54.008	-44.086	-3.1366
-61.145	-46.043	3.1353
-65.124	-28.801	3.1168
-69.338	-62.22	-3.1412
-53.645	-36.228	3.1339
-65.043	-27.472	-3.1412
-79.752	-53.144	-3.1347
-56.494	-33.067	-3.1251
-82.479	-11.032	3.1027
-58.442	140.89	3.1222
-88.695	123.82	-3.12
-67.796	-19.179	-3.1057
-83.353	-28.894	3.1348
-55.044	119.11	3.1395
-56.754	-37.046	3.1365
-64.987	-52.738	3.1356
-56.05	-47.195	-3.1393
-52.125	-56.369	-3.1399
-56.946	-39.863	3.1258
-66.884	-40.121	3.134
-65.558	-34.824	3.1378
-70.126	-31.976	3.1311
-66.549	-57.632	-3.1377
-68.141	-4.7486	-3.1054
-44.778	-60.262	-3.1349
-50.791	-56.704	3.1142
-55.867	-44.113	-3.1277
-58.914	-35.682	3.1343
-65.443	-39.017	3.1401
-56.167	-60.975	-3.1303
-61.179	6.4732	3.1252
-102.25	117.64	-3.1279
-145.66	-48.796	-0.0031768
-104.99	100.64	-3.1339
