-79.936	-26.313	-3.1293
-121.96	125.24	3.1415
-73.09	-44.111	3.1386
-61.577	-46.692	-3.128
-63.573	-32.702	-3.1254
-73.635	-43.231	3.1315
-72.183	-38.558	3.1258
-62.327	-42.702	-3.1388
-70.154	-37.81	-3.1369
-68.546	-49.841	-3.1137
-71.913	-51.302	-3.1079
108.18	153.45	-3.1298
-56.327	-47.047	-3.1182
-57.11	-56.941	-3.1365
-67.346	-34.201	3.1346
-59.684	-58.326	-3.1406
-51.354	-37.601	-3.1378
-68.911	-50.799	-3.1316
-65.283	-33.369	3.1109
-64.822	-40.82	3.1408
-62.753	-54.34	3.1347
-55.244	-40.48	-3.124
-64.642	-44.605	-3.1359
-75.963	-14.818	3.1383
-89.794	-22.251	3.1399
-76.043	-29.011	3.0515
-108.59	163.32	3.1196
56.429	46.653	-3.1236
-82.717	12.557	-3.1305
-121.85	-1.0972	-3.1375
-83.78	156.33	-3.1396
-66.492	160.05	3.117
-65.497	-54.64	3.1396
-49.459	-34.039	-3.1348
-68.094	-46.413	3.1236
-66.116	-36.587	3.1376
-64.69	-30.235	3.1295
-71.3	-31.154	3.133
-70.72	-57.354	-3.1332
-48.861	-36.768	3.1373
-72.024	-36.14	3.1306
-68.248	-51.811	3.139
-64.239	-29.42	3.137
-76.18	-36.483	3.1208
-72.545	-32.619	3.1254
-64.402	-54.669	3.1399
-55.762	-28.308	3.1392
-74.491	-26.672	3.1215
-70.536	-45.8	3.1285
-65.369	-29.715	3.1336
-68.562	-35.71	3.141
-74.274	-41.818	-3.1354
-143.64	97.336	-3.1219
-58.809	-9.9363	-3.1314
-99.669	-1.6151	-3.1229
-65.448	138.76	-3.1259
-26.888	129.44	3.122
70.342	-20.807	-3.1301
-53.466	-23.193	-3.1397
-74.899	-37.585	-3.1318
-45.646	153.77	-3.1398
-82.477	156.35	-3.1404
-52.882	-48.652	3.1333
-55.047	-41.315	-3.1284
-71.046	-44.711	3.1369
-62.089	-47.235	3.1386
-59.579	-64.636	3.1378
-55.704	-23.138	3.1362
-71.079	-40.802	-3.1371
-68.34	-39.869	3.1305
-57.485	-53.019	-3.1066
-60.763	-3.5794	3.1268
-98.543	-7.2895	3.1183
-62.403	112.87	-3.1109
-45.239	-57.298	-3.1175
-69.515	-48.251	-3.1266
15.984	-63.084	-3.1404
-58.108	-50.435	-3.1303
-77.336	-19.351	3.1112
-90.715	-36.446	-3.1046
-114.5	-24.976	3.1323
63.69	-110.98	-3.1344
-39.678	-47.008	-3.1273
-54.692	-38.01	3.1412
-63.066	-14.312	-3.1393
-77.854	-18.975	3.1357
-59.9	-33.483	-3.1106
-61.534	-13.715	3.1356
-86.124	-19.536	-3.1322
-77.25	172.62	-3.1173
-109.1	161.68	-3.1367
4.0944	-83.816	-3.1351
-74.913	-32.526	-3.1266
-72.009	-39.497	-3.1323
-52.948	-50.679	3.1355
-60.631	-43.839	-3.139
-64.595	-29.872	3.1352
-66.626	-45.24	3.1393
-63.183	-42.381	-3.1376
-59.056	-29.747	-3.1249
-73.661	-32.909	-3.1256
-96.026	13.973	3.1325
-78.338	81.886	-3.1296
-51.858	107.89	3.0885
-73.058	162.05	3.1357
31.917	74.947	3.1403
-65.816	-169.2	3.1296
-116.99	56.048	-3.1387
-99.076	145.29	3.1386
-59.512	141.98	3.1182
-52.052	151.68	3.1073
-88.515	115.67	3.1301
-89.405	122.07	-3.1415
-68.741	114.27	3.1384
-55.878	-158.07	3.1389
-107.3	134.99	-3.1172
-37.395	-33.17	-3.1274
-80.553	-33.007	3.1258
-76.912	-41.357	3.1397
-59.041	-49.526	-3.1358
-63.762	-23.613	3.1352
-86.601	-34.11	3.1239
-67.229	-40.357	-3.1133
-71.786	13.671	-3.1069
-134.94	-33.773	-3.113
-75.962	-7.2996	3.1182
167.49	79.353	-3.1076
-63.669	-32.14	-3.1296
-67.444	-59.388	-3.1348
-67.337	-6.6276	3.1187
-82.519	-51.258	3.1372
-69.364	-39.947	-3.1355
-67.43	-33.678	-3.1385
-70.294	-27.535	3.1376
-88.549	-34.947	3.1045
-57.465	-47.56	3.1129
-55.125	-47.367	-3.1301
-57.351	-50.908	-3.1378
-68.721	-40.703	3.1412
-54.826	-53.842	-3.1356
-62.307	-21.648	-3.1389
-86.965	-16.882	3.1249
-134.43	78.424	-3.1353
-64.565	-26.479	-3.1266
-98.535	8.0161	3.1114
-79.899	129.68	-3.136
-57.353	107.89	-3.1173
-35.795	-56.074	-3.1364
-56.205	-35.19	-3.1278
-78.211	-30.948	3.1271
-71.371	-20.341	3.1334
-87.438	-23.671	-3.134
-72.849	-29.311	3.1251
-79.647	-41.931	3.139
-59.595	-4.1661	3.1383
-101.64	-30.786	3.1252
-77.912	-24.735	3.1135
-73.257	-47.288	3.1359
-63.281	-39.122	-3.1269
-73.973	-0.064634	3.132
-102.13	-41.404	3.1276
-67.7	-24.289	3.1266
-71.318	-49.034	-3.1134
-79.566	-9.1507	-3.1165
-112.76	-40.156	-3.1296
-65.812	6.4766	3.1366
-120.26	0.86373	-3.1375
-88.981	164.35	3.1365
-64.876	-51.834	3.1176
-105	81.117	-3.134
-56.898	-44.558	-3.1363
-64.359	-32.909	-3.1374
-71.725	-26.811	3.1337
-84.485	-66.959	-3.1119
-44.237	-80.843	-3.0801
-30.887	-65.017	3.1374
-49.774	-18.08	3.0988
-92.383	-32.987	3.129
-68.394	-16.628	3.1393
-95.586	-35.164	3.1194
-66.292	-36.026	3.133
-70.971	-51.389	3.1273
-50.593	-45.649	3.1395
-62.658	-48.74	-3.1388
-56.857	-55.627	-3.1385
-58.655	-33.697	3.1401
-71.224	-37.387	3.1346
-67.962	-45.241	3.1355
-56.829	-50.976	-3.1398
-60.45	-42.49	-3.1337
-66.052	-37.594	-3.1316
-64.467	-43.185	-3.1282
-64.026	-42.429	3.1303
-67.684	-36.367	3.1327
-60.98	-53.821	-3.1244
-61.241	-35.844	-3.1399
-72.842	-17.695	3.1409
-87.836	-44.468	3.1277
-56.088	-40.186	3.1367
-57.161	-61.729	-3.133
-61.063	-56.285	-3.1162
-59.364	-48.911	-3.0931
-102.11	6.7179	3.1264
73.563	164.24	-3.1136
-72.026	-24.839	3.1351
-58.25	-52.439	3.1399
-60.122	-44.89	-3.1346
-60.139	-42.177	3.1372
-62.931	-42.477	3.1355
-60.714	-35.544	3.1233
-68.631	-55.624	-3.136
-53.705	-34.779	-3.1414
-65.255	-55.596	3.1413
-55.474	-44.82	-3.133
-63.524	-50.453	-3.1214
-72.445	-22.519	3.1242
-71.016	-42.264	3.12
-64.577	-42.234	-3.1287
-64.71	-43.329	-3.1333
-123.1	73.776	-3.1311
-66.363	-16.594	-3.1281
-86.599	-23.399	-3.139
-64.48	146.99	3.1319
-81.253	146.48	-3.13
-48.054	-32.104	-3.1351
-66.521	-39.096	3.1249
-67.384	-47.827	3.1318
-53.039	-49.381	3.1304
-58.275	-43.431	-3.1364
-57.429	-50.901	-3.1377
-63.868	-46.534	3.1365
-53.892	-37.191	-3.1371
-68.689	-54.962	3.1253
-56.875	-48.128	3.1396
-53.442	-44.178	-3.1338
-67.816	-30.892	3.1388
-76.7	-27.586	3.1392
-71.795	-47.876	-3.1365
-62.303	-41.326	-3.1269
-56.381	-43.069	-3.1229
-86.749	-23.801	3.098
-74.017	-35.631	3.1124
-61.657	-43.23	3.1399
-52.748	-23.51	3.1122
97.985	-7.6653	-3.1399
-76.653	102.8	-3.1144
-56.832	-52.28	-3.1176
-59.297	-48.912	3.1359
-57.998	-54.277	-3.1362
-57.972	-39.274	-3.1349
-63.437	-45.011	3.1378
-61.448	-47.935	-3.1402
-58.176	-40.768	-3.1399
-69.619	-40.326	3.1321
-62.259	-43.962	-3.1403
-60.104	-51.71	-3.1216
-59.756	-35.536	-3.1413
-71.783	-41.073	3.1346
-61.275	-40.463	3.1316
-65.876	-59.745	-3.1376
-49.045	-42.804	-3.1287
-66.469	-28.494	3.1301
-69.298	-52.926	-3.1316
-91.826	33.169	3.132
-41.679	-58.578	-3.1352
-61.708	-17.313	-3.1254
-90.699	-12.235	-3.115
-112.27	-60.787	-3.1413
-161.96	154.58	-3.132
-81.199	-20.27	-3.1228
-87.239	22.206	-3.1357
-106.11	-2.673	-3.1349
-49.057	-58.281	-3.117
-56.346	-53.774	-3.1358
-56.955	-36.542	-3.1221
-79.673	-4.349	3.1131
-91.317	-27.116	3.141
-64.376	160.38	-3.1401
-65.324	167.67	-3.1283
-49.506	-41.45	-3.1186
-62.658	-41.796	-3.1204
-103.52	10.038	-3.125
-67.94	-60.839	-3.1334
-57.96	-45.557	3.1295
-56.545	-47.046	3.1401
-56.207	-51.445	-3.1224
-59.672	-43.27	-3.1354
-61.916	-20.892	-3.1212
-101.07	-11.444	-3.1264
-41.368	156.11	-3.1349
-86.987	160.07	3.1281
-65.829	140.47	3.1129
-83.147	170.98	3.1286
-88.91	140.33	-3.1356
-77.078	137.61	-3.1387
-32.887	-28.32	3.1361
72.582	-20.898	3.1361
-96.037	32.082	-3.1115
-86.904	128.06	3.1389
-58.993	-152.17	3.1243
-111.53	148.04	3.1348
-71.292	-34.951	-3.1344
-58.366	-22.155	-3.1398
-66.306	-59.83	-3.1245
-85.564	-16.54	-3.085
-116.81	-17.999	-3.1411
-120.95	-42.799	-3.1222
-77.877	-85.037	-3.1406
-24.918	144.88	3.089
-91.947	175.62	-3.1131
81.071	9.622	3.1279
-68.691	-48.576	3.1225
-63.381	-31.092	3.1402
-70.248	-46.599	-3.1363
-73.673	-25.298	-3.1394
-73.499	-53.298	-3.1276
-62.196	-23.936	-3.1383
-66.006	-39.699	3.137
-164.51	73.216	-3.1313
-34.606	-67.369	-3.1227
-49.28	-39.743	3.1327
-72.505	-35.168	3.1224
-64.762	-52.614	3.126
-59.302	-36.125	3.1203
-67.773	-30.501	3.1332
-72.115	-29.208	3.128
-70.485	-47.084	3.1257
-58.64	-57.208	3.1346
-49.646	-42.473	-3.1277
-68.495	-49.444	-3.1299
-68.617	-44.303	-3.1171
-59.383	-50.162	-3.1121
-64.741	-16.152	3.1318
-92.433	-16.227	-3.1225
-131.49	81.718	3.1342
-80.427	-6.2326	-3.1369
-87.02	-2.9356	3.1294
-99.289	162.31	3.1048
-92.46	148.72	3.1389
-51.014	-47.092	3.1324
-62.581	-28.255	3.1335
-71.061	-43.242	3.1164
-61.511	-49.74	3.1326
-59.294	-30.782	3.1396
-69.001	-31.815	-3.1384
-77.012	-36.061	-3.1362
-69.096	-41.297	-3.1374
-65.885	-35.118	3.1399
-68.35	-43.82	3.118
-61.297	-48.005	-3.136
-57.695	-35.87	-3.1228
-72.834	-40.052	3.1298
-66.615	-55.203	3.1297
-46.833	-37.664	-3.1314
-76.033	-4.0119	-3.1338
-113.77	-38.384	-3.1327
-77.25	-43.161	-3.1314
-58.731	-12.512	-3.1304
-109.16	11.591	-3.1349
-106.44	167.46	-3.1405
-53.971	-58.096	3.1309
-112.08	84.205	-3.1406
-51.991	-64.455	-3.1202
-42.235	-31.468	-3.1379
-82.242	-19.441	-3.1214
-80.113	-47.405	-3.1195
-91.922	-0.60705	-3.1296
-47.348	-50.519	-3.1189
-77.891	13.134	-3.0945
-55.661	-54.2	-3.1276
-52.893	-15.303	3.1402
-72.829	-36.543	-3.1357
-70.47	-11.865	-3.136
-77.14	-41.851	-3.1271
-36.721	-59.524	-3.1416
-52.007	-48.39	-3.1286
-60.129	-30.661	-3.115
-80.467	-43.413	-3.1295
-70.426	-25.54	3.1415
-54.849	-55.56	-3.1394
-76.145	-23.988	-3.1319
-65.791	-52.579	3.1255
-57.606	-51.468	-3.1394
-52.188	-36.583	-3.136
-73.82	-41.291	3.1378
-63.186	-60.584	-3.136
-52.244	-39.459	-3.1209
-74.985	-29.944	3.1335
-82.431	-34.579	3.1218
-60.593	-44.794	3.1351
-64.679	-41.605	3.14
-64.723	-20.311	-3.1276
-84.141	-30.719	3.1267
-71.25	-62.61	3.1217
-90.482	143.68	-3.1411
-64.892	-166.04	3.1346
-63.929	-54.335	-3.1314
-55.743	-48.587	3.1377
-69.677	-22.063	3.1168
-76.358	-50.44	3.1217
-52.021	-30.531	-3.1393
-72.99	-39.127	-3.1355
-62.537	-42.387	3.1363
-65.004	-48.455	3.1282
-42.547	-54.324	-3.1269
-62.586	-42.997	-3.1359
-60.114	-53.08	-3.1
-75.997	-36.913	3.1283
-60.153	-30.956	3.1285
-76.617	-21.607	3.1344
-86.165	-46.835	3.1391
-129.61	73.474	-3.1389
-63.614	-18.768	-3.1273
-72.743	-4.5927	-3.1102
-83.333	143.08	3.1262
-52.429	138.97	-3.1357
-64.196	-48.428	3.1379
-53.387	-36.202	3.1371
-76.727	-34.769	3.1156
-64.646	-33.681	3.141
-72.598	-44.554	3.141
-56.451	-44.303	-3.1331
-69.372	-31.255	-3.1397
-73.901	-26.234	-3.1408
-82.256	-37.542	3.1327
-71.256	-42.691	3.1194
-63.171	-37.741	3.1359
-63.434	-35.482	3.1308
-67.179	-39.97	-3.1389
-58.714	-35.556	3.1245
-72.466	-27.347	-3.1368
-74.511	-51.571	3.1307
-65.304	-46.242	-3.0901
-79.943	-39.704	-3.1104
-65.854	-11.425	3.1272
-74.034	-11.21	-3.124
-89.431	159.15	3.129
-76.764	157.88	-3.1382
-46.38	-19.419	-3.116
-76.201	-31.14	-3.1199
-112.93	16.415	-3.1207
-78.353	-58.021	-3.1411
-51.633	-40.857	3.1334
-65.569	-42.71	3.1224
-58.162	-54.998	3.1402
-48.494	-52.609	-3.1403
-54.646	-49.722	-3.1276
-55.041	-43.186	-3.1259
-79.836	-53.464	-3.136
-52.483	-39.881	-3.1256
-52.31	-49.856	3.1339
-70.328	-41.563	3.1403
-60.257	-49.163	-3.1348
-61.691	-29.7	3.1407
-74.702	-50.632	3.1193
-50.789	-48.622	3.1217
-48.752	-49.506	-3.1135
-68.675	-43.159	3.139
-62.22	-31.731	3.1202
-68.812	-53.078	3.1413
-57.419	-27.434	3.1372
-61.992	-54.748	3.1336
-58.408	-53.795	-3.1272
-118.01	79.417	3.1371
-52.789	141.14	-3.12
-132.58	-49.712	-3.1233
-127.5	140.55	3.1157
-66.983	-39.822	-3.1353
-56.628	-35.879	3.1401
-74.054	-34.785	3.1358
-64.462	-42.727	-3.1366
-55.827	-46.127	-3.1373
-68.471	-41.467	-3.1164
-69.129	-31.226	3.1311
-94.323	-16.609	3.138
-60.984	177.21	-3.1381
-63.162	135.19	-3.1254
-57.717	-11.442	3.1347
-91.705	-30.174	3.113
-113.47	34.296	3.124
-76.41	-54.357	3.1335
-59.696	-47.409	-3.1388
-63.172	-22.812	3.136
-69.095	-41.734	3.1274
-70.148	-36.717	3.1257
-65.263	-25.668	-3.1068
-89.697	-5.0558	3.1333
-54.322	144.29	-3.1295
-117.18	160.98	3.1239
-54.981	129.39	-3.1268
-71.948	89.1	-3.1252
-72.009	-9.8003	-3.1291
-96.253	-18.574	-3.1374
-52.409	145.26	3.1314
-111.11	108.99	-3.1326
-36.197	136.09	3.1225
-75.791	130.35	-3.1294
-55.735	147.13	-3.1373
-58.534	153.77	3.1274
-153.41	107.69	-3.1243
-51.606	-49.088	-3.1335
-49.793	-38.222	-3.1323
-63.13	-34.923	-3.1344
-108.74	24.561	3.1271
-95.45	116.75	-3.1256
-110.91	146.96	-3.1401
-118.23	174.68	-3.1206
-66.638	-24.023	3.1366
-53.839	-30.852	3.1242
-58.354	-11.525	-3.1307
-83.107	-32.635	-3.1277
-94.018	-36.1	-3.1326
-36.949	142.2	-3.1353
-60.467	161.42	3.1278
-54.23	-39.975	-3.1339
-77.895	4.8463	3.1294
-117.82	-38.385	3.1203
-59.889	-36.774	-3.1381
-72.091	-49.084	3.1411
-49.805	-39.292	-3.1287
-78.911	-44.171	3.1168
-58.267	-38.201	-3.1326
-71.403	-43.738	3.1289
-61.095	-34.826	-3.1385
-72.156	-39.329	3.1397
-60.294	-39.338	3.1381
-67.547	-52.67	-3.1378
-54.695	-33.692	3.1358
-68.699	-46.592	3.1334
-66.7	-27.804	3.1153
-72.768	-24.992	-3.1408
-88.009	-38.497	3.1153
-131.42	75.312	-3.1296
-61.738	-27.872	-3.1298
-82.816	8.4803	3.1278
-65.382	156.2	-3.1399
-96.049	165.26	3.1165
-70.744	-4.0886	-3.1387
-105.49	-35.372	3.1248
-73.129	-31.445	3.1402
-78.314	-35.565	3.1277
-64.979	-42.155	3.1362
-62.854	-55.474	-3.1398
-56.416	-42.174	-3.139
-65.533	-31.228	3.1404
-68.99	-46.897	3.1244
-56.459	-53.606	3.1402
-56.083	-32.761	3.1409
-57.929	-69.953	-3.1403
-58.224	-21.021	-3.1385
-53.524	-53.285	-3.1398
-80.728	-24.966	3.1197
-64.33	-41.706	3.1292
-93.55	29.022	-3.1372
-147.72	-13.131	3.1196
-96.693	-40.671	3.1387
-89.691	2.8786	-3.1304
-88.688	136.04	3.1214
-62.735	115.85	-3.1112
77.694	108.58	-3.1016
-89.451	-63.247	-3.1132
-39.092	-3.7085	-3.1389
-105.8	-58.519	3.1414
-63.61	-15.172	-3.1415
-80.934	-30.961	3.1295
-100.58	-20.225	3.1377
-85.766	-62.001	3.1231
-63.155	-26.102	3.135
-57.761	-66.246	3.1384
-47.535	-38.844	-3.1362
-54.956	-52.262	-3.1357
-64.324	-47.874	3.1292
-57.647	-47.868	-3.1318
-66.645	-37.061	3.1399
-68.618	-47.215	3.1364
-64.59	-49.855	3.1412
-43.53	-31.083	-3.123
-92.023	-47.57	-3.1376
-64.543	-0.64398	3.1327
-123.49	-28.546	3.1333
