-85.4	105.59	3.1333
-80.59	167.47	3.1108
-98.875	168.98	-3.1301
-57.255	-45.069	-3.1271
-74.804	-25.379	3.1143
-69.512	-37.205	3.1292
-69.058	-40.842	3.1283
-58.635	-44.05	-3.134
-70.254	-48.529	-3.1106
-69.169	-19.975	3.1403
-96.133	15.179	-3.1402
-44.613	-49.475	-3.1268
-62.285	-3.932	3.1272
-102.36	-8.4907	-3.1201
-49.236	121.24	3.1271
68.195	-6.1217	-3.1378
-58.363	139.61	-3.1323
57.849	11.209	-3.1406
83.179	14.632	-3.1412
-99.245	119.57	-3.1235
-72.62	156.17	3.1365
-55.211	-48.153	3.1346
-52.994	-42.521	3.1184
-60.988	-32.583	-3.1328
-75.576	-38.86	3.1259
-62.941	-42.428	-3.1379
-66.53	-44.717	-3.1332
-63.626	-40.424	-3.1212
-69.161	-34.146	3.1136
-61.171	-56.413	-3.1342
-72.532	15.117	3.1275
-122.54	-29.845	-3.1002
-151.65	-2.078	-3.13
66.95	25.837	3.1233
72.402	12.435	-3.1342
-91.308	109.94	-3.1359
-69.314	-11.049	3.1337
-105.18	12.044	3.1415
-59.066	134.81	3.1039
-138.39	120.15	-3.1282
-131.6	132.44	3.1265
-133.32	117.14	3.1391
-121.61	124.63	-3.1273
65.205	-126.6	-3.1176
-99.597	36.479	-3.1286
-147.96	143.04	3.1155
-125.8	127.96	-3.1205
-103.35	140.43	-3.0668
-120.09	138.16	3.0556
69.894	-171.49	-3.1265
-50.153	-36.555	-3.1126
-99.783	-2.2735	-3.1228
52.318	61.316	3.1378
-85.142	116.86	-3.097
-71.85	159.82	-3.1275
-101.49	23.408	3.1354
-85.049	-41.089	-3.1316
-143.94	-12.177	-3.091
-90.192	-48.846	3.1344
-133.23	153.18	3.1393
-98.432	142.61	3.1294
-143.32	-164	-3.1332
-74.883	-49.422	-3.1368
-54.17	-31.116	-3.1235
-139.53	79.921	3.1395
-59.028	-32.747	-3.1307
-83.173	39.539	3.1353
-82.917	150.26	3.1315
-64.872	-30.984	3.1243
47.719	55.564	-3.1252
-61.253	-29.179	3.1318
-85.233	-2.2212	3.1262
48.58	61.122	-3.1181
-162.02	151.99	3.1275
-79.745	135.51	-3.1141
-54.238	-33.821	-3.1254
-57.234	-21.922	3.1326
-68.962	-8.4434	-3.1282
-96.421	7.6904	-3.1325
-111.79	1.4802	3.1308
-95.116	-175.36	-3.0956
-82.454	-12.781	3.134
-91.827	108.1	-3.1017
-83.672	5.024	-3.1316
-58.709	-50.03	3.141
-72.672	-30.523	3.1131
-61.405	-49.287	-3.1346
-61.754	-37.517	3.1044
-63.046	-40.487	3.1275
-68.872	-37.551	3.112
-59.163	-39.833	-3.1415
-63.174	-38.295	3.1135
-67.01	-36.543	3.1287
-65.674	-44.286	3.1352
-63.207	-44.298	3.1368
-61.754	-32.621	-3.0783
-96.173	-55.951	3.1349
-104.21	-11.595	3.1282
83.816	174.56	-3.1267
-57.433	-21.014	-3.1269
-69.283	0.96316	3.0863
-64.175	-37.685	3.141
-89.875	90.546	-3.1301
-45.434	-30.718	-3.1284
-68.147	-28.827	-3.1075
-54.854	-58.202	3.1394
-58.98	-50.763	-3.1112
-61.565	-41.61	-3.0923
-133.87	-7.63	-3.0856
-119.27	35.548	3.1227
-115.9	-8.9984	3.1203
-135.71	162.47	3.1327
49.512	74.228	-3.1207
-104.3	-20.207	-3.1149
-59.882	-30.22	-3.1316
-59.474	-27.292	-3.1201
-88.725	12.253	3.129
-90.581	166.13	3.0961
-129.5	167.09	-3.1252
-130.3	146.95	3.1234
