-74.879	-110.39	3.1346
171.04	-47.324	3.1251
7.5679	136.04	3.0975
-109.34	95.854	-3.096
-87.144	-8.7822	-3.12
-74.638	-39.044	-3.1343
-158.04	150.42	3.1326
-68.89	-34.369	3.1394
-125.96	137.19	3.1272
-62.615	158.61	3.1406
-64.456	140.18	3.1356
-94.874	88.304	-3.0497
-129.23	23.999	3.1089
-135.57	133.71	3.1083
-85.912	-29.285	3.1408
-66.052	-30.441	3.1335
-76.8	148.04	3.1238
-147.72	150.64	3.1175
-96.401	177.05	3.1039
-111.61	112.11	3.0971
-87.629	135.8	3.1315
-67.21	143.91	3.1036
-81.506	-19.888	3.0992
-141.28	134.7	-3.1307
-148.19	95.618	-3.1229
-107.11	151.69	-3.1275
-141.44	132.96	-3.1295
91.538	177.54	3.1378
-73.173	151.74	-3.092
-95.333	-93.925	-0.0028704
-86.192	122.62	3.124
-79.717	-18.973	3.1396
-71.509	-14.362	3.1232
-66.125	-24.898	-3.1241
-90.317	165.3	-3.1415
-58.543	152.84	3.0986
-140.52	138.5	-3.1227
-90.97	120.94	3.1202
-91.654	-32.874	3.1033
-165	160.49	-3.1254
-126.56	133.32	-3.1184
-123.27	126.25	-3.1027
-99.259	-11.856	-3.1404
52.685	53.024	-3.0853
-105.37	20.738	3.1074
-72.833	149.71	-3.0794
-64.823	-18.727	3.1058
-94.622	-18.949	-3.1218
-60.53	166.14	-3.0884
-72.213	-22.55	3.1398
-66.744	-59.313	3.1303
-61.365	-38.562	-3.1364
-67.844	-45.96	3.1308
-72.101	-19.099	3.1333
-98.159	-0.51831	3.1282
57.184	44.497	3.1323
-124.4	11.392	-3.1367
-71.262	-15.968	3.1262
-77.458	-25.398	-3.1317
-62.033	130.09	3.0781
-77.103	72.822	-3.0905
-148.91	134.42	-3.1345
-92.804	4.3387	3.095
-94.637	165.55	3.1409
-68.648	133.23	3.1096
-131.28	116.01	3.1295
-124.79	173.2	-3.1402
-117.36	145.93	-3.0963
-62.606	154.15	3.1305
73.027	6.4264	-3.1034
-130.26	135.7	-3.1224
-70.236	151.55	3.0857
-142.02	163.12	-3.0871
-106.21	139.86	3.0532
-138.95	163.29	3.1016
-135.06	130.66	3.1194
-112.96	125.64	3.1123
-99.601	114.03	3.1175
-94.001	-177.57	-3.1372
-86.88	-15.907	3.1191
-158.45	159.71	3.139
-53.96	147.05	3.1159
-75.748	124.68	3.1359
-107.18	105.23	-3.1402
-53.352	-30.985	-3.1353
-65.254	-41.732	-3.0818
-120.27	-14.631	-3.1127
-91.617	152.34	3.1389
-145.75	123.02	3.1214
-151.99	164.71	3.1176
-152.76	155.15	3.0886
-91.189	146.83	3.1364
-127.54	135.68	3.0799
-116.57	130.27	-3.0545
-132.76	139.16	3.1311
-138.98	137.14	3.1391
82.881	172.6	-3.1395
-79.961	-24.913	-3.1134
-125.06	62.647	-3.1293
-60.95	140.08	3.1129
-142.47	135.46	-3.1213
-64.64	-41.464	-3.1347
-74.804	-2.7756	3.1127
-107.39	-1.7313	-3.1408
78.3	9.7418	-3.1348
-96.293	-8.5195	3.0412
-127.54	121.15	-3.0885
-127.88	102.4	3.1265
-82.794	112.18	-3.1258
-87.575	111.55	-3.1368
-79.571	145.88	3.0913
-77.679	126.29	-3.1285
-126.14	162.8	3.1246
-79.214	-41.785	3.1263
-132.65	132.26	3.1187
-72.977	118.91	3.0965
-84.772	149.07	3.1272
-72.103	138.44	3.1259
85.378	-8.551	-3.1291
-121.93	154.09	3.0927
-71.62	141.84	3.1412
178.74	153.15	3.1354
-126.16	128.64	3.1351
-110.39	128.65	3.1285
-75.677	117.77	-3.1414
-103.71	-22.672	3.1353
-149.85	136.17	3.0983
-117.97	129.81	-3.1044
-163.88	108.48	-3.1186
67.365	-130	3.1394
-90.272	7.1613	-3.0985
-108.31	153.47	3.0964
-135.78	134.96	3.129
-107.68	128.17	-3.1177
-115.76	153.96	3.0711
-115.93	105.34	-3.1204
-98.074	130.62	3.0955
-117.11	126.53	3.1188
-92.031	161.39	3.1096
-73.175	141.17	3.1351
-70.2	-8.5007	3.1156
-102.44	14.605	-3.1116
-61.873	140.57	3.0671
-58.741	141.5	-3.1385
-96.395	129.23	-3.1387
160.39	-170.04	3.1239
-96.13	109.89	3.1334
-96.296	155.13	3.0867
-97.535	139.33	3.1398
-110.84	139.42	3.124
-139.63	151.96	3.0575
-115.85	129.65	-3.1085
-120.64	125.72	3.1294
-99.955	124.73	3.1407
-90.849	130.5	3.1233
-123.47	160.48	3.1359
-63.412	-13.038	-3.1301
-104.54	4.0017	-3.1339
139.26	-158.2	-3.0974
-114.4	142.19	3.0996
-118.93	123.4	-3.0551
-130.96	148.52	3.1026
-63.178	165.75	3.1144
-95.418	170.47	-3.1172
-52.802	128.16	3.1317
-141.12	98.613	-3.1412
-57.433	-22.579	-3.1413
-67.231	-26.646	-3.1317
-96.217	2.7901	3.0848
-55.939	125.21	-3.0791
-114.56	128.51	3.0725
-91.205	129.11	3.085
-115.77	117.42	-3.1091
-107.14	174.81	3.1099
-69.168	151.84	-3.0913
-124.16	90.811	3.1276
-65.655	-10.361	3.1316
-93.094	-12.711	-3.1365
-94.096	123.62	-3.1227
-60.01	-28.512	3.1408
-85.795	-7.5551	3.1295
-81.3	140.35	3.1323
-57.84	-30.037	-3.1301
-93.013	15.174	3.1369
-55.288	126.38	3.0837
-112.88	123.63	-3.0797
-80.639	4.6401	-3.0658
-132.05	137.97	-3.1197
-65.996	-35.068	-3.1326
-66.928	-35.875	3.0971
-69.555	-41.606	3.0864
-60.038	-46.289	3.1337
-54.61	-48.895	-3.1159
-72.014	-55.777	-3.0806
-76.471	-9.7322	3.1239
-126.06	-55.366	-3.1066
-78.024	-25.455	3.1314
-73.66	125.16	-3.1287
-101.48	13.315	3.1151
-129.59	143.02	3.1352
-139.25	169.18	3.0939
-118.06	133.54	3.0969
-114.38	119.06	3.1252
-87.405	132.36	3.1207
-138.66	-148.51	-3.1338
81.104	-125.25	3.0907
-150.01	159.17	-3.0465
-47.782	-29.257	-3.1351
-99.8	6.4081	-3.124
-158.89	72.077	-3.1309
-70.92	113.03	3.1099
-95.876	153.99	3.1216
-137.05	153.58	3.0977
-152.79	155.37	-3.1143
-95.124	147.4	-3.1343
-128.88	137.42	3.102
-89.418	111.13	3.0799
-74.908	-40.137	3.1085
47.73	35.585	-3.1138
-62.29	-15.563	-3.1071
-99.639	-1.8445	-3.1344
-70.062	157.84	-3.1128
-61.099	122.64	3.1314
97.771	-20.759	-3.0853
-64.135	-51.945	3.1402
-55.761	-38.551	3.124
-70.321	-34.592	3.1191
-67.943	-34.141	3.116
-63.45	-39.979	3.1038
-68.628	-36.262	3.1304
-62.653	-37.906	3.1123
-57.903	-49.223	3.1111
-63.665	-31.956	3.119
-73.071	-41.32	3.0831
-61.252	-32.659	3.0978
-79.984	-3.6746	-3.1223
56.764	38.437	-3.1324
-72.77	122.1	3.122
-52.321	126.55	-3.1314
-55.934	-33.513	-3.1372
-66.849	-14.579	-3.1385
-103.53	-2.619	-3.1164
-75.823	1.9615	3.0665
-102.58	2.5573	-3.1392
-106.58	108.81	-3.1299
-58.058	-29.241	3.1015
-68.983	-50.883	3.1333
-66.412	-37.211	3.1131
-62.056	-42.381	3.1303
-66.724	-43.28	-3.1302
-61.223	-51.611	-3.1141
-75.177	-40.087	-3.1308
-64.583	-43.222	-3.1356
-65.572	-33.737	3.0844
-65.096	-23.714	3.1334
-84.91	-15.408	-3.0985
-63.78	-51.723	3.1229
-92.826	111.41	-3.1061
-70.418	124.69	3.0686
-107.41	115.41	-3.1104
70.034	-123.39	-3.1233
-100.03	3.4102	-3.1413
-108.66	128.11	3.1251
124.44	161.21	-3.0973
-74.91	-50.681	-3.1262
-119.55	139.39	3.0803
-90.011	119.5	3.1208
-79.53	140.4	3.1197
-158.59	135.29	3.137
-129.52	39.98	-3.1028
-93.845	3.4253	3.1353
65.663	-2.3386	3.129
-108.16	-62.387	3.1169
62.947	46.866	3.1291
-68.307	141.91	3.1085
70.102	26.859	3.1379
-165.46	-168.07	3.1268
-108.52	131.73	3.1414
-60.93	136.83	3.1385
-48.791	-28.908	-3.1183
-73.176	-26.864	-3.1324
-69.378	-32.795	-3.116
-55.439	139.44	3.1256
-108.9	-11.861	3.1403
-175.31	-173.2	-3.13
-84.949	-26.248	-3.074
-53.283	-55.829	3.1154
-47.916	-53.804	-3.1133
-64.745	-49.154	-3.1178
-64.99	-38.728	3.1243
-70.657	-35.491	3.1164
-66.687	-36.33	-3.1383
-69.103	-36.573	3.1302
-69.094	-49.223	-3.1249
-72.738	-40.566	-3.1396
-79.254	-26.751	-3.1217
66.2	13.639	-3.1416
-126.97	161.66	-3.1382
-57.945	144.21	-3.1167
-94.148	131.24	3.1252
-100.18	128.74	0.003563
-136.76	176.88	3.1142
-143.29	167.02	3.0857
-139.34	-175.79	-3.0155
-54.458	-40.071	-3.1253
-73.751	-28.645	3.0993
-68.049	-45.261	3.1235
-61.518	-44.119	-3.1312
-67.203	-37.084	3.1344
-60.955	-52.103	3.1307
-63.237	-42.403	-3.1415
-69.647	-29.19	3.1259
-69.001	-40.653	3.0928
-58.548	-49.144	3.133
-52.668	-52.497	-3.1251
-65.004	-46.815	-3.1349
-64.975	-40.394	3.1317
-59.586	-33.535	3.138
-85.792	-18.642	3.1247
110.4	9.741	3.1208
-95.115	120.47	-3.1379
-57.954	132.56	-3.0873
-149.68	153.03	3.0826
-147.89	158.9	3.1211
-101.79	132.6	3.1118
-117.39	146.74	3.096
-117.16	126.86	3.1219
-105.81	120.36	3.1339
-86.963	128.49	-3.0632
64.525	83.135	-3.0799
-108.6	129.98	3.1118
-93.156	81.801	3.1372
-85.663	159.37	-3.128
59.348	37.766	-3.0959
-81.72	-12.011	-3.1316
49.121	27.684	-3.1283
71.999	14.56	3.073
-86.034	134.41	3.128
-94.243	26.339	-3.13
-141.67	136.2	3.1065
-120.91	127.67	-3.0825
-97.746	133.76	3.0507
-119.78	124.01	-3.1304
-98.772	126.99	-3.1317
-103.43	150.39	3.0629
-75.944	169.28	-3.1318
-64.749	-32.73	3.1279
-69.892	-33.731	3.1378
140.12	-17.584	3.1091
-56.126	161.23	3.0849
-86.23	132.13	3.1247
-85.79	94.119	-3.0982
-69.9	-7.4668	3.1291
-89.522	-29.875	-3.135
-92.114	-26.889	-3.14
-80.479	101.91	-3.1005
-113.17	-16.194	3.1036
-90.414	149.9	-3.1389
-136.57	146.69	3.1196
-91.838	135.48	-3.1323
-79.775	137.91	3.0888
-53.636	-43.974	3.0901
-154.36	159.41	3.0926
-150.04	130.69	3.1363
-102.01	141.96	3.0397
-143.33	-176.84	-3.1031
-117.49	158.17	3.0425
-126.14	137.69	3.1262
-129.36	137.19	-3.0861
-92.954	128.05	3.1387
-175.02	158.71	3.0909
-75.1	165.5	3.1285
-130.26	75.705	-3.1363
-66.597	-7.9836	3.1049
-87.474	-5.113	-3.1071
-122.38	165.28	3.1313
-63.939	160.92	3.134
-53.89	140.11	3.1176
101.72	-4.3083	3.1383
-103.26	11.792	3.1086
-78.803	177.49	3.1381
106.86	-148.09	3.131
-65.882	138.52	-3.1324
-126.77	128.77	3.1362
-81.58	140.22	3.1175
-142.95	120.44	-3.133
-114.78	112.97	3.1332
-85.292	-2.436	3.0625
-83.026	114.76	-3.1265
-62.305	154.98	3.0365
-164.88	157.49	3.1207
-62.102	123.64	3.0729
-126.79	-165.39	-3.1228
-64.928	-13.007	-3.0901
-105.63	-17.001	-3.0924
138.21	-158.27	3.1397
-84.12	91.488	-3.0924
-139.41	171.2	3.0791
-67.606	161.75	3.1189
-121.39	142.61	3.1313
112.98	171.7	0.0072877
-70.567	128.26	3.0894
-114.03	127.37	-3.1331
-57.959	125.32	3.1386
-65.428	-25.073	3.1202
-67.723	-45.801	-3.1406
-65.553	-38.635	3.1391
-63.043	-42.21	-3.1335
-62.927	-36.46	-3.123
-91.882	-0.48733	-3.1384
78.082	9.7817	3.1215
-80.318	64.236	-3.1053
-79.191	5.1658	3.0875
-76.869	-11.873	-3.1355
-90.841	128.16	3.1366
-58.699	155.42	0.0062089
-111.95	141.28	3.0935
46.283	32.259	-3.0908
-54.597	-41.576	3.1399
-58.306	-36.343	-3.1036
-72.259	-28.652	3.1142
-83.312	-39.803	3.1132
-57.572	-39.563	3.1107
-72.117	-18.552	3.1354
-69.61	-30.692	-3.0679
-110.74	-5.5757	-3.0996
-121.05	8.6545	-3.1173
-70.853	156.03	3.0963
-105.29	139.45	3.0565
-86.131	130.22	-3.1333
-117.62	118.1	3.1107
-93.935	122.04	-3.0577
-126.41	134.11	3.102
-89.123	127.22	3.1061
-100.75	97.356	-3.1351
-64.688	156.17	-3.132
-64.46	-19.109	3.1353
-84.092	-14.326	3.1333
119.09	-26.143	3.1405
-71.912	161.82	-3.1315
-121.51	137.95	3.1273
-128.75	121.87	3.1243
-74.343	116.9	-3.1379
-94.967	-53.384	-3.0925
-137.47	157.78	3.1291
-135.57	113.89	3.1151
-105.84	105.5	-3.1159
-94.89	10.171	-3.046
-122.82	10.295	-3.1107
-90.568	-50.184	-3.1048
-75.673	135.01	-3.1165
65.073	44.572	-3.1001
-72.782	-34.535	-3.1221
-148.79	132.19	3.1025
-126.12	116.71	-3.1132
-124.16	165.51	3.1153
-152.69	157.16	3.1141
-60.179	141.12	-3.1359
-76.334	159.53	3.112
-69.661	118.69	3.1291
69.68	32.033	3.1341
-175.42	162.51	-3.1356
-87.619	4.6731	-3.1415
-76.234	169.89	3.131
-95.22	148.19	3.1316
-118.13	124.35	-3.1309
-84.465	114.15	-3.1356
-114.23	17.131	-3.1377
-50.219	-37.343	-3.1384
-68.095	-8.0328	3.1398
-88.717	-24.455	3.1174
-95.167	-28.064	-3.0886
-154.2	146.33	3.0899
-72.326	171.36	-3.1274
-65.54	136.98	3.1338
-58.872	125.95	-3.1378
84.868	11.771	3.1301
-91.872	160.99	3.1415
-66.468	-47.585	-3.1255
-59.85	-32.501	3.1325
-69.484	-35.397	3.1401
-72.454	-39.095	3.1184
-66.329	-38.448	3.1223
-60.883	-46.467	3.1374
-60.875	-40.128	3.1414
-68.137	-42.402	3.1209
-60.368	-40.453	-3.1314
-64.639	-39.76	3.1404
-64.541	-30.148	3.1079
-70.747	-26.29	-3.0783
-113.73	32.854	3.1071
114.35	-22.482	3.1212
-71.167	146.03	-3.1238
-135.45	148.8	3.1048
-125.25	88.453	-3.1355
-48.516	-56.581	3.1399
-81.689	151.64	3.109
-96.793	131.28	-3.1141
-119.42	37.098	3.098
-83.157	-35.29	-3.1351
-70.683	-14.09	3.1106
-76.422	22.666	3.0538
-69.169	4.9461	3.0842
-71.705	30.715	3.1317
-71.528	33.676	3.1386
-72.417	54.588	3.121
-95.723	80.599	3.0847
-93.554	-26.756	3.1245
-107.04	125.78	3.1111
-102.3	144.67	3.1152
-141.64	144.06	3.1368
-166.24	162.19	3.1236
-145.69	160.41	3.1301
-127.97	148.82	3.0835
-126.22	121.33	-3.1363
-69.233	150.68	3.1209
-70.598	129.47	-3.1385
-121.95	162.08	3.1037
-103.89	146.05	3.1304
-54.114	137.56	-3.1393
91.045	-16.596	-3.1209
-99.714	158.1	3.0771
-80.071	158.7	3.1008
-153.29	166.46	-3.1161
-116.97	152.61	-3.1306
-124.9	125.98	3.1344
-117.91	111.07	3.1126
-87.753	139.24	-3.1096
-130.1	112.68	3.0943
-89.133	168.76	-3.1138
-159.87	116.24	3.1291
-97.315	89.049	-3.1276
-76.266	8.3274	3.1348
-136.26	152.95	3.1193
-65.749	102.65	-3.1045
175.22	154.42	3.1027
-116.43	139.02	-3.1222
-136.81	152.3	3.0557
-111.04	112.94	-3.1126
-111.13	147.1	3.0716
-124.44	118.35	-3.1299
-109.95	146.18	3.1307
-122.89	135.67	3.1222
-118.02	127.84	3.1139
-129.54	120.61	-3.1364
-119.25	124.89	-3.1087
-125.21	152.59	3.0672
-93.526	124.34	-3.1281
-128.03	173.88	3.0775
-91.363	168.5	-3.1156
-66.036	-20.353	-3.1408
-73.868	-6.5123	-3.1302
96.268	-14.527	-3.1297
-65.106	117.63	-3.136
-78.753	142.32	3.1281
-104.32	-37.021	-3.102
-167.54	147.57	3.0889
-92.026	117.68	-3.097
-99.715	-7.5503	3.1371
-158.42	135.6	-3.1414
-136.55	137.24	-3.1166
-148.19	143.7	3.1021
-119.21	145.84	-3.134
-133.95	134.32	3.0821
-108.96	100.15	-3.1181
-105.03	142.92	3.1097
-134.55	111.53	3.1285
-116.78	143.61	-3.1347
-77.242	167.5	3.1362
-61.923	143.03	3.1365
49.691	25.01	3.1258
-118.97	150.54	3.1326
-120.97	125.03	-3.1096
-99.473	153.85	3.1409
-136.37	137.01	3.1368
-126.52	128.02	-3.1215
-112.52	137.44	-3.1254
-122.59	139.07	3.126
-106.85	118.05	3.0933
-99.746	116.68	3.1278
-85.761	148.53	-3.1231
-51.079	-42.864	-3.1388
-57.567	-19.598	3.1392
-76.937	-30.236	-3.1199
-113.65	-29.405	-3.1364
-54.898	142.98	3.1329
84.383	-8.3625	3.135
-118.54	-9.431	-3.1182
-59.464	147.59	3.093
-105.57	164.83	3.1334
-55.957	139.68	-3.0941
91.719	-3.389	3.1093
39.27	56.246	-3.1092
-97.695	140.59	-3.1369
-133.55	142.45	-3.1214
-123.62	139.13	-3.1224
-123.36	129.03	3.0623
-109.99	129.31	3.0548
-127.98	106.51	3.1267
-112.76	143.5	-3.1207
-137.76	139.5	3.1334
-116.12	115.97	3.0953
-83.715	107.43	-3.1191
-48.467	-38.719	-3.1376
-67.739	-72.048	-3.1324
-76.109	-2.5806	-3.1162
64.263	8.2868	-3.1413
-67.313	156.66	3.1204
-125.17	133.27	3.1268
-117.62	137.8	3.1338
-149.09	142.08	3.1166
-147.98	152.23	3.1038
-143.6	140.37	-3.1358
-139.87	156.02	3.0999
-117.77	158.57	-3.1332
-144.63	142.33	3.081
-123.17	131.53	3.1232
-76.52	128.65	-3.1388
-73.024	136.55	3.11
-118.28	137.32	3.1414
-60.329	140.78	-3.118
-81.547	160.86	3.1028
-73.477	140.88	3.1245
-103.35	123.22	3.139
-108.86	128.33	3.1181
-131.86	145.86	3.1407
-129.35	144.14	3.1004
-146.56	114.31	-3.1361
170.03	-164.13	-3.122
-72.488	-42.296	-3.1147
69.155	61.457	3.1403
-146.5	143.44	3.1375
-55.343	151.68	3.1281
76.499	-27.439	-3.1342
-103.08	148.24	-3.1302
-57.565	150.14	-3.1155
-150.44	125.88	-3.1349
-94.992	125.21	-3.1376
-112.57	133.03	3.1198
-121.02	121.61	3.1259
-98.127	127.5	-3.1105
-126.64	127.2	-3.1361
-127.5	130.51	3.1331
-112.33	115.76	3.121
-57.096	117.78	3.1409
-86.219	-17.363	3.1343
-87.789	142.92	3.1191
-84.082	29.139	3.0942
-134.44	165.12	-3.1181
-76.383	123.13	3.0942
-87.978	129.41	-3.1209
-118.3	141.64	-3.1124
59.414	55.949	-3.1229
-81.742	107.76	3.1057
-95.63	125.98	3.109
-110.54	138.63	-3.1202
-120.21	137.87	3.1053
-123.59	143.28	-3.0997
-157.77	164.85	3.1332
165.82	101.49	-3.134
-60.116	130.72	-3.1367
81.669	9.8517	-3.1285
-131.35	-45.666	-3.1319
-153.02	154.45	3.0859
-83.272	143.49	-3.1371
-54.752	129.21	3.1413
-130.34	162.51	-3.1403
-146.53	136.07	3.1414
-113.53	137.73	3.1266
-104.87	137.26	3.1231
-122.08	113.09	-3.1397
-33.573	-49.742	-3.1247
-173.04	152.36	3.1004
-125.28	123.14	3.136
-64.461	155.84	3.1402
-54.025	130.29	3.1215
62.249	3.0446	3.1353
-85.746	159.98	-3.1233
-119.12	144.53	3.0964
-121.75	155.95	3.1389
-131.33	141.21	3.1386
-123.47	131.03	-3.1262
-121.01	133.13	-3.1397
-142.16	138.89	3.1192
-93.696	120.39	-3.1338
-115.81	136.36	3.1115
-117.09	87.902	-3.1382
-59.002	155.21	3.1351
-125.52	-5.9194	3.1229
-122.58	132.02	-3.1203
-97.251	168.5	-3.1409
96.867	-155.85	3.1264
-72.607	113.95	3.1192
-123.98	176.24	3.1385
-146.98	140.48	3.0994
-101.73	133.73	-3.0776
-124.38	134.18	3.1343
-132.55	154.15	3.1319
-148.87	152.16	3.1399
-131.88	139.4	3.1241
-148.63	136.48	3.1265
-135.92	-173.07	-3.1395
-64.011	-25.108	3.1272
-121.97	-72.898	-3.1277
-74.252	138.34	3.1103
-163.64	-174.5	-3.085
67.174	43.534	3.1361
-117.8	125.01	-3.1066
-128.11	170.04	3.1215
-160.58	156.95	3.1305
-156.03	170.51	-3.1366
-162.79	122.93	3.0887
-80.557	119.04	3.1106
-116.11	161.36	3.1395
-122.05	112.15	3.1206
-94.118	145.68	-3.1306
-113.86	164.22	-3.1406
-83.866	147.35	3.1155
