-141.66	124.8	-3.1355
-100.97	157.15	-3.132
-104.1	124.95	-3.1366
-89.818	150.4	3.1143
-127.73	101.86	-3.1216
-79.764	114.35	3.1236
-104.68	38.893	-3.1257
-58.264	140.48	-3.1389
-70.007	-27.918	3.1386
-104.84	-7.0222	-3.1357
-163.02	126.37	3.1341
-116.59	136.93	-3.1362
-159.08	-162.21	-3.1355
-176.17	131.15	-3.1366
-146.96	154.21	-3.1292
-104.6	138.34	3.1355
-127.25	145.04	3.1346
-88.341	122.73	-3.1393
-139.99	153.13	-3.1379
-88.227	-27.94	-3.1392
-142.72	177.56	-3.1385
-76.333	-40.653	-3.1385
-53.575	-53.411	-3.1411
-65.471	-26.716	3.1364
-70.215	-38.474	3.1397
-61.077	-37.452	-3.1364
-81.212	-41.327	-3.138
-55.949	-55.681	3.1414
-63.749	-44.548	3.1414
-53.85	-37.261	3.132
-66.554	-27.655	3.1365
-79.348	-54.611	3.1386
-49.975	-29.67	-3.1405
-65.77	-33.26	-3.1393
-70.03	5.3953	3.1385
-130.79	-26.2	3.1404
101	51.037	3.1389
-127.54	94.397	-3.1398
-132.78	118.19	3.138
-169.53	-110.61	3.1346
-99.454	148.28	-3.1291
-125.73	137.25	-3.1402
-122.52	166.35	-3.141
-140.87	127.4	3.1335
-106.51	73.792	-3.1373
-65.892	4.9848	3.1405
-87.737	-21.711	-3.1411
-145.55	16.914	-3.1413
55.391	60.048	-3.1396
-137.62	112.78	3.1352
-79.471	162.23	3.1348
-159.85	137.44	3.1311
-135.32	150.63	-3.129
-142.24	114.12	3.1401
