-69.297	75.47	-3.1153
-69.07	-32.065	-3.1409
-73.144	-23.218	-3.1376
-60.188	-50.909	-3.1046
-58.668	-17.586	-3.1034
-116.68	-26.471	-3.0982
-60.018	-37.267	3.1368
-86.252	-46.251	-3.1286
-81.247	66.06	3.1361
174.52	-32.464	3.0984
-78.405	-32.805	3.1046
-74.761	-11.7	3.1238
-85.592	-25.188	3.1335
-59.476	-53.604	3.1253
-59.086	-24.988	3.1334
-60.856	-65.213	-3.1197
-79.288	-2.0666	3.1205
-78.034	-51.295	3.1191
-83.88	23.302	3.0885
-122.51	22.061	3.1243
-140.54	-53.933	3.0743
-75.854	32.517	-3.1322
-138.43	-42.325	-3.1316
-98.405	3.3933	-3.1267
-139.04	-176.96	-3.1404
173.03	29.668	-3.0755
-147.87	-42.395	-3.1293
-88.758	128.96	-3.1308
-69.532	130.53	-3.1261
-92.606	113.21	3.01
-145.43	79.054	3.1201
-112.91	148.46	-3.1394
-101.85	108.61	3.127
-72.615	55.178	-3.0961
-149.33	-50.393	3.1412
-70.46	-17.379	3.1318
-95.308	-65.638	-3.1264
-60.754	-7.2363	-3.1317
-104.14	-68.923	-3.1364
-55.28	-10.499	3.111
-115.31	31.781	3.1214
-154.83	-22.559	3.1039
-77.935	-3.4537	3.0979
-108.95	48.846	3.0704
-110.96	13.498	-3.1284
-122.56	-64.34	3.1392
-77.752	42.853	-3.1416
167.38	121.45	-3.1247
-130.37	160.49	-3.1398
98.747	-118.92	3.1118
-85.013	3.4099	3.1323
-76.352	-79.002	-3.1288
-69.876	41.09	3.0809
-132.67	46.147	3.14
-172.58	-39.051	3.1234
-72.933	-77.558	3.1219
-92.101	12.132	3.0975
-95.955	-34.549	3.1132
-83.624	-34.074	-3.1085
-70.355	42.898	3.1039
71.529	-58.685	-3.1158
-40.78	132.06	3.1244
-107.3	99.909	-3.1176
-44	-3.1233	3.1306
-108.18	-29.734	3.1238
-81.202	-42.282	-3.0968
-138.86	123.28	3.139
-58.282	127.48	-3.1301
-52.098	-71.52	3.1293
-49.886	-12.205	3.0779
-112.25	60.757	-3.1221
-165.09	-10.068	-3.1107
-81.326	0.41409	3.0691
-110.88	-15.743	3.1232
-54.901	-28.631	3.0952
-87.985	-39.528	3.1074
-76.152	35.062	3.0855
-157.32	51.323	-3.1084
169.48	17.793	-3.1196
-158.68	8.7633	3.1151
-167.76	-7.0564	3.07
-110.61	-32.763	-3.1077
-127.7	52.233	3.1307
-172.84	-23.435	3.1337
-62.357	135.99	-3.1404
-26.997	99.933	-3.0867
-55.138	-174.47	-3.1374
-120.17	-56.863	-3.1042
-122.18	-51.173	-3.1223
-53.75	-39.859	3.1295
55.888	-108.74	3.1273
87.563	166.29	-3.1387
-151.5	37.117	3.0883
-68.057	160.64	3.1217
-171.77	128.81	3.0957
-72.993	68.364	-3.1157
-47.436	-50.967	-3.1262
68.1	146.3	-3.1317
-151.18	104.31	3.1318
-102.02	-178.98	3.1192
-99.047	154.58	3.1082
-58.576	-40.604	-3.1184
-85.403	85.273	3.0734
-155.91	-148.76	-3.1224
-162.33	-24.749	-3.1389
29.253	-169.37	3.0779
-109.95	132.07	3.1375
-79.327	-22.277	3.1245
-88.075	-33.309	3.0852
-65.622	-34.089	3.1234
-74.319	-22.548	3.0731
-104.45	56.502	-3.1335
-157.9	-66.344	3.1355
-69.793	-31.05	-3.1155
-83.957	-37.326	3.1309
-57.772	-57.06	-3.1164
-81.182	-57.245	-3.1382
-84.929	-5.2549	3.1273
75.108	-22.377	-3.1064
-10.016	101.34	-3.1287
-69.343	115.16	-3.1204
-112.47	153.68	-3.1352
-162.17	-171.83	-3.1289
-125.5	138.89	3.1087
-158.72	116.05	-3.14
-54.7	134.64	3.1109
-111.95	20.703	3.1226
-74.434	-54.903	3.1003
-99.676	106.2	-3.0724
-78.83	38.772	3.1304
-131.17	-29.737	3.102
-91.769	24.315	3.0568
-108.21	-31.152	3.084
-80.89	-45.139	3.0905
-68.648	27.116	3.1163
-157.2	-21.953	-3.1279
-96.435	-68.89	3.081
-72.131	-3.4433	3.059
-83.249	-31.951	3.1157
-88.957	2.0245	3.0795
-115.66	38	-3.0794
-158.06	-39.479	3.1135
-82.047	-20.57	3.1396
-115.28	-56.319	-3.0952
-61.757	10.633	-3.1304
51.29	21.432	3.1314
88.495	44.899	3.1386
-117.67	-17.348	3.0895
-125.23	55.976	-3.0997
-76.191	22.069	-3.1326
-152.6	-113.16	-3.1291
72.586	-54.421	3.1146
-95.467	123.36	3.1262
-122.83	-31.513	-3.1307
-128.32	161.81	3.1232
-158.99	151.18	3.1284
-99.438	156.14	-3.0986
-82.321	26.842	3.1279
-132.87	-69.701	3.0846
13.521	109.38	-3.1117
-110.38	-70.072	3.136
-88.474	67.13	-3.1319
-81.035	-169.21	3.1354
-146.03	169.85	3.1397
-164.93	136.89	3.1286
-152.56	64.491	3.1325
-62.825	175.45	3.131
-169.76	123.09	3.094
-119.04	78.699	-3.1125
-43.377	172.44	3.0427
-160.59	132.67	3.1327
-165.71	157.52	-3.126
-171.08	-171.54	-3.1322
-122.69	130.53	3.1064
-61.468	-52.748	3.0671
-103.83	87.154	-3.1118
-55.292	-164.32	-3.112
-130	169.48	3.1389
-109.66	111.98	3.0951
-68.464	-2.7544	-3.128
-108.53	11.349	3.0341
-103.97	-20.068	-3.1358
-56.825	110.45	3.1076
-147.53	126.68	-3.1399
-58.274	111.53	-3.122
-131.36	170.05	-3.0962
-61.014	89.557	3.0535
-100.93	128.56	-3.1118
-119.39	129.99	3.1222
-89.187	-126.13	-3.1398
-62.364	178.22	3.1273
-91.33	22.35	3.0803
-128.53	-32.83	3.1171
-112.12	51.22	3.079
-76.785	112.15	-3.0547
-94.259	-166.34	-3.1358
-160.81	67.803	-3.0874
-73.49	153.23	3.1295
-80.328	62.921	-3.1407
-50.476	-167.57	-3.1293
-157.09	174.19	-3.1356
-152.66	154.96	3.1147
173.85	162.49	3.1134
-130.6	79.052	3.1286
-86.136	-176.87	3.1374
-107.08	52.447	-3.0717
-48.784	130.7	3.1275
-67.995	55.383	-3.1262
-95.15	119.7	-3.1301
-117.33	167.43	3.1156
-141.86	80.481	-3.106
-77.253	151.86	3.1068
-78.983	-24.309	-3.1302
-49.018	-64.865	3.1405
-105.51	-22.616	-3.1155
54.966	79.114	3.1386
-167.31	-162.83	3.1358
-100.24	106.75	-3.116
-95.901	85.886	-3.1174
-85.648	156.22	3.1409
-141.46	134.7	3.1174
-130.84	146.11	3.1351
-105.26	118.86	-3.1389
-74.368	-165.58	3.1404
-96.842	-31.996	3.1306
-128.39	105.7	-3.1105
15.483	40.37	3.0938
-121.5	140.41	-3.1319
-119.13	89.34	-3.1362
-50.776	157.03	3.0993
-134.95	158.16	-3.0934
-125.89	-58.497	-3.114
69.331	164.13	3.1246
179.58	90.458	-3.139
-26.764	155.17	-3.134
-82.175	-82.757	3.1288
-156.36	61.653	-3.1151
132.34	10.396	-3.0986
-72.08	135.97	3.1334
-148.82	-82.138	3.1231
-60.233	-169.54	-3.1412
72.862	-45.602	3.1011
-99.269	-88.637	3.1193
-28.812	-36.989	-3.1407
-90.354	-61.363	-3.1333
-82.966	20.924	-3.1213
-82.066	128.92	-3.1326
-116.86	-171.25	3.1047
-80.75	-50.126	-3.1231
-56.181	-35.234	3.1209
-52.783	-38.214	-3.1113
-90.369	-38.032	-3.1381
-42.903	-46.07	-3.1159
-92.604	19.543	3.0765
-119.09	-45.113	-3.1315
-71.665	-14.569	-3.1093
-76.803	-61.453	-3.0898
-60.686	-177.08	3.1343
-164.9	62.221	-3.1095
-98.494	-161.75	-3.1414
-121.63	-170.91	-3.1375
168.51	-157.74	3.1068
170.29	65.979	3.1165
-122.5	158.83	-3.0643
-70.417	107.67	3.1149
-75.63	124.5	3.1014
-116.76	146.62	-3.1308
-162.39	113.32	3.1216
-70.026	157.42	-3.0974
-69.391	142.47	3.1297
-102.26	130.88	-3.1214
172.91	14.713	3.1369
-65.536	108.96	3.0957
-88.069	175.04	-3.1293
-175.75	107.8	-3.114
-92.969	132.77	-3.1339
-136.61	131.45	3.1077
-98.641	136.05	-3.0984
-78.926	-27.889	-3.1358
-63.796	-35.358	-3.1097
-64.657	-31.418	-3.128
-120.49	-15.322	-3.1275
-75.262	-4.415	3.1112
-85.169	-57.947	3.1206
-60.28	-25.344	3.0944
-70.183	-65.74	3.1286
162.36	-5.4285	3.1357
-89.047	48.75	-3.1088
-43.21	-97.505	-3.1131
-55.956	10.088	3.1338
-77.906	-34.34	3.0788
-110.81	7.3713	-3.128
-59.573	167.98	-3.1183
-52.374	-22.216	3.1301
177.42	148.05	3.1395
-179.07	-147.6	3.1004
-99.334	52.213	3.0438
-93.996	-3.7099	3.072
-97.2	32.058	3.0798
-118.78	34.58	3.1314
-155.25	8.7962	3.1385
-167.08	-63.5	-3.1116
102.55	-46.274	3.1109
-83.246	157.89	3.1207
43.722	68.501	-3.1325
-19.497	75.799	-3.111
-49.237	152.37	3.0922
-139.52	-179.08	-3.1264
-105.61	121.34	-3.1082
-67.127	-45.941	3.097
150.98	154.85	3.1087
-127.81	144.41	-3.1035
-143.2	157.92	3.1121
-152.46	96.154	-3.1396
-86.625	50.716	3.1357
-33.596	111.17	3.1194
-96.088	133.63	3.1043
-86.748	133.91	3.1373
-137.42	60.822	3.0911
-155.01	153.15	-3.1394
-178.02	-40.021	-3.101
-176.69	-10.112	-3.1193
-56.458	163.14	-3.1403
173.99	-153.71	-3.1339
-154.79	-50.658	-3.1393
-56.872	-3.1023	3.101
40.536	-117.3	3.1406
-164.43	-43.644	3.1269
71.469	-68.492	-3.1391
-158.94	-55.947	-3.1198
-43.913	-47.51	-3.1146
-103.04	35.085	3.1132
-99.209	-3.648	3.1213
-129.76	-37.941	-3.14
-66.21	12.221	3.1017
-102.18	-45.891	3.1019
-89.39	31.415	-3.1133
-83.192	57.088	-3.128
-46.477	156.65	2.9861
-90.142	-155.26	3.1359
-62.699	-41.943	-3.1381
-77.154	-165.08	3.1043
-136.94	-177.06	3.1105
-132.31	39.416	-3.1125
-56.034	92.523	3.1153
-74.159	60.986	-3.1398
-98.966	-3.5765	-3.1412
-130.95	142.05	-3.1396
-55.519	109.78	-3.1054
-110.2	-162.52	3.1098
-126.37	-137.33	3.1043
152.38	-165.87	3.1414
169.51	173.21	3.1122
-136.61	117.54	3.1205
-94.988	-178.84	-3.1011
-132.03	118.54	3.1319
-65.349	-13.601	3.1338
-102.63	10.028	-3.1309
-166.64	-119.34	3.1007
-175.86	32.674	-3.1148
-70.788	129.12	3.1298
-88.427	91.736	-3.1153
-66	-38.336	3.1326
-151.99	117.28	3.0786
-97.113	157.51	-3.1317
-165.83	-158.44	-3.1301
175.13	85.2	3.1341
-52.684	113.65	3.1303
-86.032	-51.721	3.139
178.97	113.01	-3.1359
-46.043	4.4475	3.041
-75.416	-23.221	3.0468
-112.03	98.095	-3.1171
