-75.646	122.43	3.1194
-81.326	171.27	3.1362
-61.804	-37.167	3.1279
-62.467	-39.391	3.1242
-61.385	-46.679	-3.1088
-61.646	-39.148	3.1168
-63.368	-43.748	3.1212
-63.727	-43.801	3.1315
-62.851	-44.933	-3.1392
-62.008	-39.355	3.1379
-66.403	-51.59	-3.1347
-60.625	-42.496	-3.1126
-69.746	-36.556	-3.1378
-56.331	-42.445	-3.1378
-64.171	-38.413	3.1272
-54.239	-51.834	3.1079
54.964	-123.29	-3.0998
-73.177	-9.8629	3.1261
-86.28	-1.2112	-3.1071
-47.686	-46.149	3.137
-63.144	-45.075	-3.1328
-72.094	-30.005	3.0906
-72.578	-32.763	3.119
-65.313	-43.558	3.1266
-62.574	-41.445	3.1392
-64.549	-40.383	-3.1336
-62.914	-39.801	3.1139
-63.737	-47.667	3.1325
-59.897	-39.553	3.1242
-63.451	-40.594	3.1251
-63.357	-47.069	3.136
-59.65	-36.215	-3.1328
-81.269	-40.497	-3.101
-78.351	-34.924	-3.1019
-128.75	79.095	-3.1322
-53.164	-29.521	3.1278
-62.108	-23.014	3.1291
-68.247	-16.952	3.1358
-70.341	-17.444	3.1377
-62.137	-21.606	3.1336
-88.886	-6.6701	-3.123
-124.74	44.381	-3.1395
-70.202	-16.822	-3.1297
-92.819	7.2175	-3.1286
-109.5	150.65	3.0125
-86.852	111.48	-3.1099
-94.067	11.893	3.1274
-65.173	152.03	-3.137
-51.73	126.35	3.0881
82.748	5.0258	-3.1186
-59.125	149.02	3.1329
-59.384	-37.822	-3.1041
-64.845	-40.647	3.1237
-71.285	-42.853	3.1212
-63.219	-39.345	-3.1409
-68.209	-41.929	-3.1398
-68.008	-39.004	3.124
-58.766	-37.819	3.125
-66.882	-38.489	-3.1386
-68.008	-37.92	3.1326
-64.769	-44.927	3.1342
-62.601	-40.035	3.1392
-65.076	-40.692	3.1365
-63.66	-36.228	3.1234
-68.934	-38.941	3.1029
-65.98	-37.14	3.1197
-63.429	-41.517	-3.1352
-66.094	-37.616	3.1176
-66.563	-40.619	3.1413
-66.315	-24.69	-3.1186
-126.5	44.956	-3.1051
-62.527	-22.635	3.1259
-81.248	-19.756	-3.1213
-136.01	61.757	-3.1323
-67.615	-44.197	3.1368
-52.052	-40.12	3.1332
-77.505	-42.222	-3.135
-59.203	-37.061	-3.1143
-106.72	17.272	-3.1022
-59.263	-39.97	-3.1408
-64.377	-38.927	-3.1269
-70.787	-34.906	3.1262
-63.65	-46.303	3.1188
-62.482	-44.011	-3.1317
-55.928	-45.203	-3.1336
-74.828	-35.443	3.1382
-74.358	-40.068	-3.0681
-99.858	-24.884	-3.119
-112.95	-57.054	-3.1178
-66.109	-48.233	3.1355
52.718	50.015	3.1089
-78.037	128.52	3.1246
-56.772	138.62	-3.1347
-53.624	-28.37	-3.1158
-60.64	-31.262	-3.1073
-64.126	-21.972	3.1287
-68.643	-32.416	3.1067
-66.521	-37.21	-3.1383
-68.253	-46.503	3.1178
-65.216	-38.318	-3.1313
-60.891	-42.613	3.1133
-62.963	-43.848	-3.138
-67.515	-30.762	3.0904
-69.064	-43.595	-3.1396
-59.519	-42.983	3.1083
-63.733	-41.813	-3.1298
-61.582	-45.021	3.126
-64.724	-41.832	3.108
-57.297	-43.95	-3.1196
-69.381	-19.668	-3.1078
-111.02	-12.547	-3.119
-119.36	67.464	-3.1334
-56.212	-41.882	-3.1015
-76.777	-33.226	-3.0464
-90.974	-17.796	-3.0651
-81.178	62.807	-3.1321
-80.389	169.5	3.1352
-56.957	-40.458	-3.1228
-66.661	-40.499	3.1325
-69.399	-40.594	3.0865
-57.287	-47.082	-3.1356
-63.893	-40.965	-3.137
-63.785	-42.434	3.1414
-67.538	-40.179	3.1295
-62.517	-42.001	3.1121
-64.958	-43.232	-3.1306
-57.809	-46.109	-3.1159
-65.247	-34.983	3.1167
-69.335	-33.667	3.131
-68.499	-45.544	3.1366
-58.507	-45.859	-3.1293
-61.078	-36.618	3.1366
-67.082	-42.778	-3.1414
-65.932	-41.661	-3.1189
-67.286	-18.709	3.1337
-111.27	5.7655	-3.0954
-65.712	-23.563	-3.1346
-105.75	15.411	-3.1117
-61.108	-32.375	3.1099
