-114.41	139.82	3.1015
-89.003	150.28	3.1336
-138.21	154.07	3.1401
-77.165	152.86	3.1129
-154.18	162.33	-3.1212
-123.87	128.41	-3.1274
-63.586	130.4	3.0622
-103.81	-52.039	-3.1196
-170.68	132.9	3.1083
-79.668	134.45	-3.1242
-99.797	-49.871	3.097
-159.69	-165.23	-3.084
-52.659	-39.742	-3.0919
-122.27	12.775	3.1395
-107.02	129	-3.1297
-131.19	157.12	3.0649
-96.696	116.07	-3.1212
-126.59	124.38	-3.1312
54.828	41.925	3.1315
68.967	16.58	-3.1412
-133.18	127.85	3.1345
-66.7	132.37	-3.1163
-149.11	151.12	3.0471
-97.269	133.23	-3.1365
-110.45	147.15	3.1233
-123.95	128.27	-3.1269
-65.555	130.72	3.1171
-71.214	150.69	3.0752
60.278	9.6754	-3.1202
-138.56	166.41	3.1015
-145.31	112.29	3.0897
-90.034	154.57	3.1411
-61.245	145.97	-3.1281
-69.099	145.53	3.1018
-139.04	-11.865	-3.0892
-100.57	-75.409	-3.0988
-51.251	119.46	3.1398
-61.149	-28.897	3.1233
-61.2	-18.754	3.1338
-116.75	-45.354	-3.1263
91.42	-170.32	3.1194
-85.165	101.75	3.1334
-76.139	147.57	3.1372
-53.888	131.53	-3.1229
83.149	-4.048	3.112
-59.9	-56.505	3.1388
-56.009	-38.009	3.1181
-65.266	-45.878	3.1368
-62.458	-39.255	3.111
-64.375	-44.227	-3.1358
-62.221	-40.961	3.1356
-61.376	-53.142	3.1343
-59.056	-46.804	3.1409
-56.158	-52.157	-3.1362
-56.379	-50.471	-3.1114
-57.406	-47.484	-3.1186
-78.767	-32.534	-3.11
-71.861	-31.703	3.1388
-88.051	-0.084461	-3.1072
-79.365	146.03	3.0845
-74.062	-43.116	3.1388
-143.27	143.1	-3.1389
-115.19	137.5	3.1049
-130.98	147.61	3.1
-118.08	140.96	-3.1362
-130.43	112.42	3.1272
-80.46	157.92	3.1025
-88.824	-161.11	-3.1231
-92.603	-8.7688	3.1319
-93.526	-148.12	3.1374
-65.407	148.4	-3.0862
-96.384	-6.5814	3.1106
-138.87	158.76	3.0924
-99.582	-179	-3.1085
-57.747	-23.878	3.1349
-88.865	1.2391	3.1378
80.276	12.352	3.1269
-82.704	138.94	3.0976
-66.262	136.9	3.1366
-107.35	111.62	-3.1207
-154.87	175.05	3.0552
-101.6	122.85	-3.1193
-104.51	136.14	-3.1159
-116.88	133.02	3.098
-116.29	108.03	-3.11
55.675	46.966	3.1015
75.985	0.031645	3.1107
-105.22	124.46	-3.1242
-69.633	118.85	3.1349
-63.127	-40.306	-3.1294
-55.62	-49.422	-3.1254
-67.774	-39.838	3.1276
-55.452	-47.011	-3.1387
-63.425	-45.748	3.1385
-63.342	-40.447	-3.1387
-63.069	-27.117	-3.1293
-92.382	2.737	-3.1155
67.709	30.798	3.1215
-107.67	2.6257	3.1369
-156.83	155.92	3.1173
-116.77	147.31	3.0899
-68.314	124.35	-3.0927
-152.36	173.23	3.1218
52.478	51.687	-3.1086
-87.575	102.94	-3.1215
-115.48	111.69	3.1074
-60.476	144.03	-0.001131
-90.262	13.236	-3.1388
-85.078	64.098	-3.1293
-145.51	28.014	-3.1198
-50.064	-44.057	-3.118
-95.699	18.262	-3.1179
-57.42	-46.979	-3.1404
-64.99	-42.41	3.1052
-58.319	-46.596	-3.1387
-68.517	-34.637	3.1299
-65.336	-39.487	3.1273
-67.721	-33.831	3.1236
-71.02	-35.794	3.1179
-67.193	-37.192	3.131
-63.453	-34.7	3.1257
-71.694	-45.058	3.1298
-59.721	-42.382	3.1325
-60.48	-51.009	3.1303
-64.471	-32.428	3.0815
-82.526	1.3565	3.139
50.782	47.952	-3.115
-83.606	135.13	3.0864
36.817	-99.435	-3.1378
-51.492	-32.934	-3.134
-96.988	23.532	-3.1311
