-62.442	174.24	3.0602
-74.367	163.73	-3.1247
-58.665	-41.592	-3.1216
-62.903	-41.72	3.1078
-63.471	-43.928	3.0884
-56.902	-43.712	3.1231
-63.824	-47.708	3.1188
-60.407	-44.042	-3.1089
-65.218	-48.386	3.0946
-57.836	-40.865	-3.1237
-66.107	-50.617	3.1293
-59.386	-40.034	-3.0906
-70.487	-25.273	3.071
-67.151	-28.741	3.1216
-78.67	-25.306	3.0481
-69.652	-44.826	3.0457
52.554	-125.37	-3.1415
-74.854	-0.54676	-3.1138
-91.483	5.7575	-3.0313
-55.675	-42.69	-3.0802
-72.719	-38.772	3.0766
-64.869	-39.664	3.1279
-69.774	-38.563	3.0853
-60.561	-41.181	3.1285
-69.284	-42.853	3.1165
-64.542	-39.646	3.1172
-60.743	-42.085	3.0575
-61.071	-44.667	3.1217
-60.753	-48.07	3.0879
-55.217	-44.281	3.1265
-61.549	-46.197	-3.1255
-60.565	-40.83	-3.1261
-77.172	-39.767	-3.1086
-77.816	-28.43	-3.0337
-135.38	79.649	-2.9973
-55.798	-24.137	3.108
-64.143	-25.058	-3.1244
-70.634	-14.328	-3.1014
-72.086	-16.826	-3.0246
-66.248	-15.727	-3.0871
-85.935	-1.0213	-2.9996
-131.38	150.53	3.0689
-61.775	136.58	3.0995
-52.464	-42.547	-3.1112
-55.389	-42.43	-3.1167
-67.227	-24.687	-3.122
-91.688	-28.146	-3.0242
-118.02	-24.029	-3.0571
-121.83	3.7151	3.0823
-151.14	-178.24	3.1333
-148.35	-14.898	-3.0894
-56.095	-45.37	-3.1021
-72.126	-36.623	3.0423
-63.452	-45.654	3.091
-60.532	-37.618	-3.1359
-68.384	-44.606	3.0615
-60.952	-38.536	3.1154
-60.163	-44.118	3.1336
-64.88	-41.532	3.1385
-65.056	-38.114	3.0741
-62.099	-47.119	3.1324
-61.23	-42.688	3.1218
-66.034	-41.096	-3.1332
-67.741	-34.684	3.1003
-68.845	-36.93	3.1169
-63.719	-41.07	3.093
-61.981	-45.989	3.1368
-58.754	-41.164	-3.1377
-63.349	-33.398	3.0639
-79.397	-4.321	-3.113
-137.91	46.428	-3.0713
-63.183	-24.698	3.1324
-76.35	-21.127	-3.1287
-141.63	65.987	-3.139
-64.264	-43.186	3.1137
-55.46	-33.052	-3.1161
-81.203	-33.357	3.0946
-78.569	-29.698	-3.0358
-112.19	0.090866	3.1338
-41.66	-52.353	3.1175
-56.527	-36.314	-3.1325
-71.767	-26.035	3.091
-72.201	-40.202	3.1276
-57.413	-42.774	-3.1395
-68.536	-49.363	-3.0359
-76.975	-35.234	-3.0838
-96.214	-53.433	-3.0536
-72.829	-49.758	-3.1312
-79.135	-53.612	-3.0251
-90.756	-16.143	3.1277
56.317	45.023	3.1229
-68.239	124.34	3.0737
-55.312	129.05	-3.0992
-56.387	-30.703	3.1049
-54.348	-33.563	-3.0898
-65.37	-25.923	3.0295
-70.194	-33.489	3.0301
-65.956	-41.04	3.1118
-64.81	-48.491	3.1252
-60.584	-42.666	3.0987
-56.217	-44.37	3.1124
-62.002	-43.047	-3.1207
-68.777	-31.78	3.0518
-66.552	-46.973	3.0602
-57.884	-40.944	3.1169
-60.193	-44.237	-3.1369
-65.22	-42.678	3.0299
-61.595	-43.021	3.1293
-61.273	-36.01	3.1321
-64.784	-43.903	-2.9985
-93.789	-25.923	-3.1049
-125.41	56.938	-3.0239
-58.71	-36.393	-3.115
-79.43	-22.563	3.1091
-93.563	-19.174	-3.1153
-85.322	70.013	-3.1361
-82.224	164.77	3.1088
-53.352	-44.745	-3.1318
-64.848	-38.96	-3.1022
-70.913	-36.701	3.1089
-58.61	-48.836	-3.1228
-61.472	-45.412	3.1217
-67.292	-39.445	3.1036
-65.648	-37.93	3.112
-59.24	-45.17	3.1251
-65.926	-40.793	3.0586
-58.727	-50.239	-3.1186
-63.937	-37.519	3.0509
-62.996	-39.515	3.0971
-67.431	-39.239	3.0731
-63.655	-44.319	3.1371
-59.819	-42.779	3.1136
-57.041	-45.605	3.1054
-64.749	-44.104	-3.1332
-63.348	-22.264	3.1308
-107.54	17.714	-3.044
-78.151	-25.006	-3.048
-124.21	74.354	3.1329
-77.81	10.44	3.131
