-62.497	-46.477	3.103
-53.823	-61.058	-3.1238
-52.625	-34.456	-3.1063
-81.338	-47.546	-3.0651
-95.001	-23.378	3.0826
-106.15	-26.218	-3.118
-111.44	25.236	-3.1257
-56.137	157.97	3.1056
-151.36	28.633	-3.1299
-115.01	120.42	-3.1145
-56.537	-35.233	3.1356
-68.078	-48.287	-3.1352
-66.591	-38.716	3.1071
-65.236	-45.171	3.1113
-57.294	-35.609	-3.1402
-71.347	-42.912	3.1124
-55.746	-40.482	3.1246
-63.036	-57.026	-3.1353
-50.181	-37.84	3.1233
-66.951	-45.801	3.1195
-61.277	-51.097	3.0919
-56.452	-43.235	3.1397
-62.067	-49.297	-3.1413
-59.632	-48.015	3.1027
-58.414	-34.713	3.1321
-62.941	-25.651	3.1281
-72.777	-49.526	3.124
-54.185	-48.128	-3.1393
-62.312	-34.921	3.1393
-68.278	-42.057	3.1312
-58.985	-45.749	3.1389
-62.571	-39.281	-3.1331
-68	-25.756	3.1382
-78.248	-35.111	3.0884
-65.732	-38.472	3.1121
-58.854	-53.893	3.1325
-71.403	-22.151	3.1187
-66.736	-44.505	3.1331
-64.046	-35.974	-3.121
-95.81	2.9377	-3.1081
-82.916	0.61712	3.128
-157.15	135.94	3.1376
-57.938	126.72	-3.1223
132.42	-171.08	3.114
-115.84	126.95	-3.1354
-97.245	-54.248	3.1218
-81.51	-58.783	-3.1283
159.44	-141.8	-3.1107
-69.815	158.18	3.1357
-51.708	-5.7561	3.11
-79.348	-61.27	3.1322
-58.782	-35.457	3.1244
-66.971	-53.986	-3.133
-67.456	-19.719	3.0718
-67.077	-45.078	3.1129
-60.355	-49.19	3.1333
-58.174	-38.282	-3.1297
-66.65	-47.662	3.1141
-63.204	-35.29	3.1066
-56.737	-50.821	-3.1086
-63.406	-50.335	-3.1242
-59.513	-44.686	-3.1389
-61.345	-55.479	-3.1407
-63.257	-40.998	-3.121
-74.321	-65.493	-3.1001
-76.357	-25.167	-3.1021
-109.47	-14.258	3.09
-113.65	-70.429	-3.1293
-53.027	-57.632	-3.1067
-60.941	-48.558	3.1283
-57.886	-51.317	3.1371
-55.862	-60.975	-3.1155
-64.517	-46.519	-3.0802
-89.767	-48.504	3.1308
-77.074	-39.967	-3.1262
-75.691	-76.757	3.1219
-62.274	-34.389	-3.1377
-59.12	-57.072	3.1277
-66.767	-37.493	3.1413
-65.99	-57.322	-3.0703
-84.59	-34.157	-3.0815
-52.003	-57.899	3.1344
-56.303	-42.008	3.1303
-63.262	-33.552	-3.1158
-79.924	-20.611	3.1191
-110.53	6.3366	3.1089
72.62	29.264	3.13
-92.327	145.99	-3.1396
-66.526	-28.891	3.1212
-175.04	-154.24	-3.1232
-98.723	170.25	-3.1339
-64.792	-40.861	-3.1147
-127.07	77.518	-3.1302
-49.238	-42.063	-3.1368
-70.377	-53.858	-3.13
-53.844	-41.349	3.1202
-52.216	-40.842	-3.1191
-66.603	-41.755	-3.1374
-58.536	-40.466	3.0959
-49.566	-49.996	3.1263
-64.778	-54.264	-3.106
-62.288	-15.029	3.0793
-73.776	-24.091	-3.1148
-66.728	-52.543	3.1353
-55.337	-46.358	3.13
-59.668	-46.875	3.1111
-52.334	-43.815	-3.1409
-65.472	-37.161	3.1379
-59.875	-52.002	3.1116
-51.374	-41.315	3.1191
-67.528	-38.972	3.1233
-68.517	-42.091	3.1343
-59.624	-41.054	3.1376
-54.332	-36.885	-3.1135
-85.184	2.1173	-3.1389
-102.81	-48.669	3.1392
-69.296	150.93	3.1214
48.159	-133.44	3.1269
-110.55	22.725	-3.1391
65.304	-171.23	-3.1184
-107.89	95.668	3.1388
-95.749	52.467	-3.1101
-98.833	-14.31	-3.0777
95.107	154.84	-3.1037
-63.122	-15.488	3.1318
-83.558	-8.8899	3.1184
32.566	48.641	3.1267
-68.794	144.56	3.1064
-96.669	155.83	0.004502
-68.86	-19.632	3.1357
-56.634	-38.406	3.1292
-78.503	-6.9697	-3.1315
-69.227	169.97	-3.1123
-72.106	6.9955	3.1024
-105.3	-65.529	3.1327
-69.004	-12.927	-3.1399
-146.57	51.6	3.1183
-60.461	151.16	-3.1351
110.25	172.29	-3.1155
-67.869	-26.411	-3.1069
-39.233	-67.982	-3.1111
-58.35	-35.998	-3.1331
-62.215	-39.362	3.1166
-68.478	-37.125	3.1119
-64.123	-37.083	-3.1376
-69.739	-43.839	-3.1343
-67.128	-33.768	3.1107
-62.117	-41.349	3.1333
-68.811	-34.844	3.1312
-62.63	-51.523	-3.1378
-59.31	-51.093	3.1164
-55.728	-31.049	3.1333
-77.807	-40.15	3.1354
-62.713	-41.933	3.1329
-58.847	-52.461	-3.1412
-66.37	-29.079	3.1377
-87.104	-17.495	3.0784
-74.802	-40.823	3.1178
-71.709	-33.905	3.1134
-62.869	-37.634	-3.1363
-65.008	-38.96	3.1244
-65.309	-51.107	-3.1335
-61.518	-41.633	-3.1375
-66.471	-42.581	-3.1396
-64.382	-47.209	3.1312
-59.397	-62.491	-3.1346
-51.288	-36.155	-3.1377
-84.245	-45.769	-3.0706
-89.964	-15.639	-3.0763
-116.19	33.511	3.1017
-94.82	164.54	3.1237
-62.065	135.45	-3.1362
-42.476	-28.111	-3.1239
-94.138	-7.3796	-3.1152
-90.669	117.65	3.0946
-79.963	171.46	-3.1406
-67.715	-28.056	3.1373
-83.356	19.675	3.0924
-126.2	-1.3911	3.0876
-87.993	152.95	-3.138
-70.496	153.16	-3.1323
-51.018	-38.671	3.1099
-60.141	-44.97	3.1252
-61.676	-43.1	3.124
-62.414	-44.568	-3.1342
-53.857	-46.522	3.1069
-78.844	-22.975	3.1114
-70.473	-38.674	3.0998
-70.385	-44.707	3.0914
-57.403	-40.5	3.1332
-58.417	-41.126	3.1202
-65.747	-41.054	3.1232
-60.606	-41.223	3.1254
-63.679	-44.111	-3.1073
-58.726	-37.376	-3.1347
-92.063	-22.463	-3.1211
-96.938	-43.864	-3.1399
-50.812	-41.1	3.1381
-63.277	-37.335	3.1225
-64.854	-38.454	3.0945
-60.6	-52.001	-3.1226
-56.359	-30.489	3.1091
-69.892	-42.351	3.1222
-64.472	-53.288	-3.1242
-71.459	-18.578	3.1019
-75.151	-34.056	3.1142
-69.784	-38.897	3.0981
-65.438	-38.785	-3.141
-65.786	-40.144	3.1386
-71.258	-38.894	3.1168
-54.726	-29.272	-3.1231
-108.93	12.359	-3.1259
-146.8	-24.098	-3.1181
-117.6	14.222	3.12
56.872	37.039	3.0781
-91.829	169.25	3.139
-136.37	46.867	-3.1355
-58.539	-42.628	-3.1249
-114.18	17.683	-3.1231
-110.09	111.15	-3.1335
-50.553	-37.141	3.1334
-48.609	-50.044	-3.1356
-86.526	-0.89852	-3.1174
102.04	9.7563	3.1257
-72.203	-172.53	-3.1101
-153.8	109.28	3.1387
-54.582	-23.994	-3.1401
-73.804	-31.581	3.1256
-55.811	-40.731	3.1208
-61.864	-36.893	-3.1204
-62.078	-37.902	3.1412
-67.378	-52.122	3.1334
-57.564	-51.275	-3.1143
-57.659	-56.228	-3.136
-63.624	-20.318	3.1165
-64.744	-32.181	3.0886
-89.851	-47.1	-3.1351
-43.312	-39.572	3.1114
-77.66	-57.395	3.1255
-44.7	-35.441	3.1234
-54.66	-36.48	-3.1285
-77.323	-24.11	3.1185
-81.443	-32.986	3.055
-59.774	-28.7	-3.1136
-83.43	-26.063	-3.1182
-100.59	-26.334	-3.1079
-54.107	-53.552	3.1286
-59.161	-25.651	3.121
-71.211	-36.929	3.1229
-59.968	-49.358	3.118
-54.495	-55.037	3.1373
-55.236	-41.68	3.1342
-59.177	-46.409	3.1345
-56.425	-43.458	3.1243
-66.617	-43.43	-3.1184
-67.501	-48.206	-3.1397
-59.957	-42.116	-3.1261
-66.164	-46.743	-3.1266
-59.453	-47.058	-3.1044
-81.86	-0.024834	3.0795
-98.933	-2.2712	3.1393
68.562	18.19	-3.1308
-85.964	158.47	3.1183
-77.703	-51.447	-3.1388
-133.53	163.47	3.1309
-73.528	151.09	3.1131
-65.592	140.01	3.1069
53.534	52.919	-3.1343
-49.89	-48.787	3.1347
-69.558	-25.841	3.1198
-71.5	-35.418	3.1234
-66.172	-38.954	3.121
-69.81	-44.32	3.0995
-58.363	-48.467	-3.1287
-53.797	-53.224	-3.1414
-61.521	-39.131	3.1369
-63.428	-43.531	3.1038
-61.93	-50.066	-3.1388
-54.366	-42.165	-3.1033
-65.711	-38.842	-3.1134
-73.545	-52.115	3.1257
-59.385	-34.059	3.1038
-55.995	-17.44	3.1271
-90.119	-18.177	-3.1164
-110.27	29.033	-3.1103
-133.57	8.2878	-3.1114
-43.05	-43.9	-3.0953
-61.016	-6.4861	3.1298
-70.457	-5.1928	3.1084
-94.165	5.9959	-3.0755
-135.88	33.884	-3.1052
-64.281	-32.676	3.1217
-100.06	27.377	-3.0791
-96.772	-14.606	3.1411
103.66	31.665	-3.1269
-87.633	165.19	-3.1369
-60.727	138.61	-3.1269
-53.048	-41.71	-3.1245
-61.556	-49.921	3.1403
-65.406	-35.366	3.1213
-62.14	-28.033	3.1242
-75.924	-39.789	3.1367
-59.148	-57.86	-3.1324
-56.407	-22.092	3.1395
-82.696	-33.929	3.1216
-70.632	-55.898	-3.1401
-49.531	-40.16	-3.1318
-68.297	-31.062	-3.1007
-75.537	-26.583	-3.0928
-72.375	-10.082	3.1098
-67.618	-19.389	-3.1356
-65.03	-34.869	-3.1358
-56.392	-66.855	3.1269
-55.649	-43.601	3.1299
-56.714	-35.418	3.1137
-63.894	-43.674	3.141
-61.81	-28.648	3.1049
-72.571	-47.802	3.1339
-58.541	-48.053	-3.138
-67.434	-29.767	3.1034
-67.318	-44.15	3.1278
-61.093	-34.137	3.111
-67.71	-49.569	3.1327
-57.736	-28.472	-3.1314
-70.106	-39.878	3.1315
-66.36	-27.576	-3.09
-26.3	-96.777	-3.0988
-77.016	10.36	-3.0912
-59.704	156.51	3.0884
-99.72	82.009	-3.0781
-60.938	134.75	3.1123
-118.88	112.45	-3.1212
-73.535	61.13	3.1231
-86.126	160.07	3.1333
-49.81	-52.415	-3.1375
-56.08	-36.674	-3.138
-68.621	-31.059	-3.1334
-67.62	-41.167	3.1091
-65.221	-39.338	-3.1337
-64.376	-39.42	3.1249
-69.605	-45.575	3.1188
-54.445	-51.208	3.1255
-51.412	-54.433	-3.0941
-51.059	-41.174	-3.1241
-78.756	-60.263	-3.1226
-52.665	-45.188	3.1235
-62.639	-36.198	3.1213
-61.722	-47.745	3.136
-59.327	-51.174	3.1334
-60.942	-29.213	-3.1402
-86.356	-24.161	3.1385
-69.46	-44.05	3.1167
-62.096	-23.531	3.1244
-81.608	-22.855	3.1118
-70.591	-36.021	3.0861
-57.476	-55.287	3.1211
-62.513	-15.292	-3.1271
-65.124	-25.029	3.1375
-78.598	112.94	3.1328
-55.379	-46.635	3.1253
-53.283	-58.269	3.1292
-66.788	-31.612	-3.1241
-65.372	-20.908	3.1407
-57.98	-42.696	-3.1243
-91.567	-13.478	3.1169
-97.429	-23.695	3.1385
-57.359	153.27	-3.1306
47.831	32.708	3.0821
-123.68	176.88	3.1089
-71.262	-7.203	3.1122
-64.628	-45.72	3.1411
-67.872	-23.323	3.0865
-71.531	-32.132	3.1266
-71.066	-48.395	3.1227
-47.773	-58.7	-3.0824
-75.544	-13.051	3.0994
-85.45	-27.053	3.103
-67.619	-48.493	3.1283
-74.345	-17.211	3.1274
-104.94	-52.43	3.1259
-71.297	-31.741	3.1073
-121.59	24.617	3.1164
-130.48	-89.843	3.1235
-46.269	-51.507	-3.1222
-63.647	-38.995	3.1175
-64.684	-38.666	3.1123
-63.175	-42.57	3.1189
-58.525	-43.108	-3.1385
-69.449	-41.979	3.1237
-64.004	-45.423	3.1175
-65.138	-41.76	3.1383
-61.964	-51.932	3.1375
-66.737	-29.425	-3.1407
-74.197	-42.202	-3.1058
-98.244	-6.4627	3.1288
-44.234	-49.696	3.137
-56.297	-37.702	3.104
-65.547	-44.895	-3.0988
-70.126	-40.904	-3.0691
-99.867	-34.845	-3.0903
97.834	-16.643	-3.1352
-103.12	161.27	3.1299
-109.6	158.35	3.1234
-95.614	157.45	3.0836
-79.567	102.53	3.1415
-47.454	-43.685	-3.1353
-60.113	-48.056	3.1228
-58.657	-47.247	-3.1384
-55.788	-31.77	3.1354
-78.96	-37.194	3.1064
-60.123	-44.135	3.1325
-58.625	-33.283	-3.1393
-72.67	-47.469	-3.1268
-52	-51.106	-3.1356
-60.642	-54.467	-3.1267
-61.972	-32.048	3.1401
-65.808	-42.194	3.1255
-67.078	-52.461	3.1409
-48.462	-57.326	-3.1049
-63.927	-34.062	3.1284
-70.768	-43.89	3.1286
-63.226	-35.102	3.1256
-68.815	-51.277	-3.0502
-95.817	-15.519	3.1405
-63.418	-52.838	-3.1333
-51.921	-40.044	-3.1352
-50.526	-16.019	3.1135
-71.176	-38.914	-3.133
-68.881	-56.094	3.1395
-45.816	-33.758	-3.0943
-82.705	-38.055	3.122
-67.409	-37.801	-3.1178
-79.077	4.8092	3.0999
96.443	1.9394	3.1348
-68.155	115.18	-3.1357
-66.658	166.03	3.1002
-91.46	156.11	3.0827
67.922	31.073	3.103
-106.29	137.43	3.1051
-87.42	-10.215	-3.1142
-154.88	158.19	-3.1008
-140.05	158.86	3.118
-52.792	153.43	-3.0818
-53.453	-33.252	-3.0987
-57.519	-34.273	-3.1189
-79.764	8.0103	-3.1002
-64.255	-42.729	-3.0974
-59.82	-59.707	-3.1173
-58.927	-38.425	3.1282
-65.307	-31.156	-3.1211
-70.765	-52.877	3.1293
-56.466	-47.293	-3.1407
-52.53	-53.212	3.1392
-60.388	-29.248	-3.1367
-68.923	-39.862	3.118
-59.804	-38.701	-3.1406
-62.422	-25.092	3.1159
-75.419	-33.008	3.0969
-65.509	-43.126	3.1098
-59.622	-39.643	3.1255
-57.581	-46.847	-3.1232
-56.816	-42.402	3.1393
-66.211	-38.005	-3.1332
-77.824	-13.366	3.1085
-80.561	-47.88	3.1258
-56.044	-40.243	-3.1265
-58.206	-45.191	3.1217
-53.815	-44.519	3.1263
-62.7	-49.842	3.1305
-50.822	-38.309	3.0974
-70.528	-45.058	3.1219
-54.493	-55.261	-3.1231
-52.361	-46.469	-3.1392
-51.76	-47.759	3.1405
-73.929	-24.767	3.1315
-78.635	-41.93	3.1413
-73.855	-45.45	3.114
70.299	58.373	3.1008
-90.834	109.58	-3.1053
-78.816	141.79	-3.1398
-66.725	139.27	3.1185
-110.45	-68.475	-3.1113
-117.59	143.19	3.1232
-127.4	137.73	-3.1306
-84.647	162.93	3.0682
49.16	32.032	3.1236
-66.012	-20.47	3.1385
-55.795	-35.7	-3.1075
-108.16	8.4137	-3.1275
-135.37	73.97	-3.1273
-42.734	-39.377	-3.091
-48.228	-33.049	-3.1259
-85.325	-14.558	-3.1062
-57.771	-16.865	-3.1278
-104.38	15.111	3.1089
78.121	167.23	-3.1114
-112.63	114.03	-0.0011454
-91.813	153.31	-3.1399
-61.746	149.67	3.141
-63.034	157.92	-3.1362
-44.425	-50.086	3.1304
-110.31	110.94	3.1225
-106.25	160.79	-3.1224
46.885	40.259	3.1083
-63.01	-44.305	3.0338
-107.31	123.98	-3.1392
-40.365	-159.08	-3.1098
-128.16	142.89	-3.1157
-93.934	119.11	3.099
-133.13	118.89	-3.1065
-68.62	148.31	3.0812
-105.41	91.505	-3.1247
