-63.981	167.22	-3.0214
-77.913	129.41	3.061
-60.874	131.99	3.0696
-63.659	129.04	-3.0583
-116.56	122.15	3.119
-124.21	113.8	3.1154
-111.76	135.77	3.1108
-111.35	109.96	3.1247
-91.486	102.73	-3.1078
-69.674	-14.826	-3.0614
52.427	-144.23	-3.0761
-97.836	68.161	-3.0849
-141.25	142.72	2.9629
109.04	152.28	2.9204
-121.41	172.64	-3.1156
-53.971	-31.57	-3.0991
-72.369	-60.507	-3.0903
-73.093	-19.005	2.9948
-78.535	-30.302	3.0932
-66.899	-32.093	3.1183
-73.197	-47.852	3.0586
-55.853	-38.128	3.1253
-67.665	-39.064	3.0666
-61.998	-37.812	3.1041
-64.534	-47.424	3.1191
-64.863	-40.996	3.1302
-57.225	-31.626	3.1023
-77.377	-34.111	-3.1021
-60.751	139.06	3.0844
-87.672	126.1	-3.1053
-96.576	116.45	3.0867
-48.796	149.55	-3.042
-51.864	-50.426	-3.1004
-99.167	47.313	3.1228
-136.07	128.75	3.1323
-102.64	118.45	-3.083
-110.77	127.39	-3.1279
-131.23	133.96	3.0741
-114.82	140.59	3.1232
-123.34	93.233	3.132
-76.664	156.92	3.0445
-51.25	155.72	-2.9683
-61.463	-40.335	3.0788
-52.199	-25.994	-3.0148
-112.19	9.9981	3.0792
-50.918	-53.226	3.1009
-53.672	-58.122	3.1111
-50.715	-44.118	-3.112
-64.369	-45.287	3.1334
-64.461	-35.36	-3.1344
-69.183	-33.594	-3.0687
-94.551	-23.867	-3.125
-81.112	136.36	2.9932
-53.487	136.92	-3.1232
-54.108	-18.793	3.0962
-65.293	-21.026	-3.1383
-108.69	132.35	3.0777
-85.318	151.51	3.0707
-109.2	139.57	3.073
-124.08	150.89	2.9506
-86.29	155.23	-3.1174
-85.269	-7.0675	-3.0673
179.33	163.44	2.9618
-162.63	170.35	3.1031
-94.635	-170.68	-2.8538
-115.47	6.6672	3.0258
-135.33	165.23	-2.9401
-81.636	-27.371	3.0928
-157.15	160.18	3.0135
152.47	-170.21	-3.0501
-87.832	68.525	3.1188
-133.67	81.082	-3.0399
-67.005	132.84	-3.1032
94.085	1.4111	3.1293
-105.51	166.48	2.99
-135.18	149.88	-3.0918
-103.9	158.7	3.1156
-55.01	-37.336	3.0683
-56.661	-33.602	-3.1224
-73.659	-38.549	3.114
-64.175	-50.808	2.9971
-51.929	-46.387	-3.1199
-57.101	-31.748	3.1077
-87.717	0.15119	3.1357
89.89	14.544	3.0375
-88.216	154.4	-3.0742
-126.69	-5.925	3.1301
-127.53	159	2.9305
-140.24	142.02	3.0507
-93.358	118.59	3.1225
-120.41	143.96	3.1156
70.183	23.789	3.0068
-52.93	148.22	-3.1123
-53.124	-37.773	-3.133
-64.671	-37.775	3.0859
-72.011	-37.374	3.132
-67.751	-47.144	-2.9147
-104.03	-32.953	3.0242
-82.241	-50.855	-3.1219
-97.871	3.3497	3.0076
55.979	45.242	3.001
-76.499	127.94	-3.0891
-81.721	160.21	3.0802
-54.36	-49.682	3.0031
-48.493	-50.751	3.0633
-60.158	-45.302	-3.1143
-60.866	-42.01	3.0878
-59.176	-44.25	-3.1371
-63.809	-39.461	3.0709
-62.779	-40.382	-3.0875
-62.94	-47.016	3.1408
-62.093	-42.459	-3.1264
-67.409	-46.671	3.1033
-58.553	-40.687	3.1179
-69.643	-45.698	3.0734
-56.632	-23.789	-3.1128
-96.79	5.9989	3.0054
95.167	3.1518	3.1319
-82.316	154.08	2.9103
-85.693	150.08	-3.0788
-123.39	125.63	2.865
-98.278	111.47	-3.0626
-104.91	115.27	-3.0456
-92.586	138	3.0863
-137.18	163.89	3.0369
153.35	161.67	-2.9431
-108.18	149.48	3.0917
-90.646	172.89	-2.8922
-64.641	-48.713	3.101
-50.016	-39.318	-3.1184
-75.02	-38.82	3.0738
-66.634	-42.002	-3.1206
-64.715	-25.604	3.0823
-78.305	-11.811	3.1373
88.88	14.058	-2.9929
-110.7	34.502	3.0516
-53.209	-51.571	-3.1128
-55.616	-53.115	3.1069
-54.815	-46.872	3.1365
-66.423	-58.766	-3.113
-58.348	-32.986	-3.0285
-68.035	-58.384	3.0447
-50.181	-35.013	3.018
-69.961	-48.118	-3.0804
-64.361	-32.776	3.1404
-63.835	-46.072	3.0309
-56.165	-45.115	3.1063
-63.392	-52.047	3.0682
-52.526	-40.174	-3.1318
-62.094	-9.2641	-3.0263
-123.75	1.9888	3.1091
-101.98	130.6	3.0154
-97.6	-43.612	-2.9976
-126.85	102.06	-3.0199
-70.107	-5.759	-3.0845
-72.791	-16.972	3.1367
-111.15	19.788	-3.1097
-118.49	135.07	3.0321
-125.59	133.93	3.0493
-96.146	132.22	3.0485
-115.25	120.37	3.0287
-87.432	121.2	3.0551
-106.94	115.09	3.0636
-80.672	76.903	-3.089
-54.713	-35.327	3.1184
-58.052	-17.138	-3.1162
-121.35	31.468	3.0545
-120.32	115.74	-3.0264
57.206	37.908	-3.126
-113.85	-20.787	-2.9161
73.499	44.224	-3.0746
-144.34	53.341	3.1242
-38.279	139.15	3.0553
-89.026	140.8	3.0498
-82.223	154.42	2.9567
-46.692	-46.042	3.085
-57.784	-39.343	3.1064
-68.245	-36.977	2.9801
-60.644	-53.423	3.1219
-51.558	-44.949	-3.0577
-63.632	-31.988	3.0929
-79.052	-41.988	3.073
-58.537	-40.448	3.1401
-63.697	-43.608	3.0708
-64.872	-37.87	3.1144
-67.214	-46.279	3.0545
-60.313	-39.515	3.0797
-63.049	-34.595	3.0995
-67.948	-41.596	-3.1363
-64.369	-44.416	3.134
-53.633	-48.634	-3.0279
-93.363	-14.805	3.1064
-107.13	-16.061	3.0266
-118.97	-80.963	-3.0862
-172.58	164.72	3.0856
-61.706	-50.063	-3.1383
-57.327	-44.804	3.1241
-63.989	-43.889	-3.1408
-63.381	-39.162	-3.1217
-77.765	-22.217	-3.0321
-110.79	-16.873	3.098
-76.176	134.19	-3.1146
-91.641	128.38	3.0932
-113.31	112.44	-3.0237
-106.78	151.44	-3.0878
-96.138	122.97	-3.1124
-107.28	26.052	3.0411
-85.43	-168.97	-3.0774
-75.479	117.51	3.071
-126.81	135.07	3.058
-119.74	171.6	2.9923
-55.044	-29.478	-3.1225
-81.282	-33.771	-3.1304
-90.93	-24.387	-2.9689
-55.091	-35.056	-3.0611
-65.636	-42.6	-3.1222
-70.66	-35.332	3.1015
-71.523	-35.627	-3.0978
-74.006	-16.179	3.1228
-84.461	-4.5653	3.0824
-75.617	137.94	-3.0219
-59.958	-38.203	-3.1009
-102.76	13.724	3.0252
-99.565	123.62	-3.0062
-110.75	10.645	-3.0876
140.47	-161.8	-2.9548
-136.24	147.91	2.753
-109.17	108.7	-2.9738
-96.462	133.47	3.0827
-87.125	-110.69	-3.1108
-53.261	-35.534	3.1396
-66.545	-15.271	3.1168
-59.975	-17.572	-3.0097
-101.87	-4.1771	3.1012
-113.35	167.12	3.0511
-65.506	-19.085	2.9313
-42.258	-28.628	3.1139
-61.075	-37.504	3.1116
-60.87	-40.326	3.0631
-60.884	-45.191	-3.1272
-61.743	-39.22	3.0277
-55.893	-34.842	3.1245
-96.01	21.267	-2.9909
-61.792	-31.034	-3.1048
-85.247	8.4892	-2.9989
