-118.89	-6.0747	3.1401
-140.01	140.22	3.1367
-140.4	164.69	-3.0916
-150.89	156.01	-3.1399
-145.76	131.52	3.102
-102.53	116.83	-3.1091
-90.976	131.89	3.088
-141.6	152.56	3.0913
-143.38	-155.35	3.1171
-90.816	-15.728	-3.126
-105.93	-155.51	-3.1215
-84.667	0.70659	-3.0556
-77.781	128.51	3.0556
-152.58	160.92	3.0797
-177.73	173.63	3.0859
-127.4	128.1	3.1412
-115.33	131.24	3.069
-112.48	146.17	-3.111
-128.03	135.73	3.1025
-137.23	131.79	3.0978
-79.243	116.46	3.1277
-127.5	109.78	-3.1191
76.852	-134.11	-3.1353
-102.03	12.263	-3.0872
-118.66	177.28	3.136
-123.36	125.61	-3.1098
-103.58	125.73	-3.0856
-112.39	122.49	-3.1358
-133.48	168.32	3.1086
145.58	-168.56	-3.1016
-156.72	151.31	-3.1038
-131.7	135.32	-3.1251
-124.86	165.82	3.0896
87.603	8.6022	-3.0781
-93.338	156.7	3.07
-75.946	153.5	-3.1002
-53.411	150.48	3.1008
105.05	-175.15	-3.1219
-82.289	146.27	-3.118
-140.14	126.69	-3.1089
-56.929	144.73	-3.0866
-140.07	108.76	-2.9899
-137.77	161.3	3.0656
-98.265	122.51	3.1172
-96.224	154.14	-3.0152
-58.174	-45.194	-3.0975
-104.78	144.05	3.1111
-97.565	49.98	-3.0977
-106.56	103.01	-3.1091
-101.59	20.494	3.1299
-67.208	-28.146	3.1178
-117.37	46.693	-3.1332
69.655	-144.77	-3.1347
-81.156	-9.1445	-3.097
-64.965	-35.482	-3.1197
-78.779	5.1517	3.1242
-71.903	-14.944	3.1283
79.855	-168.14	-3.1097
-76.873	-176.08	3.1029
-64.363	146.6	-3.1219
-67.824	124.84	-3.0375
-146.41	67.133	-3.1272
-63.473	-26.688	-3.1277
-94.195	8.8454	3.1044
49.808	52.983	-3.129
-104.85	-177.34	3.0804
-93.233	167.07	3.1389
-65.518	142.11	3.097
-152.88	-170.52	3.0941
-94.61	169.56	-3.0831
-63.341	-27.758	3.1228
-88.919	-3.7996	-3.1171
-83.943	153.71	3.0523
-75.459	-41.178	-3.113
-90.597	102.1	-3.1239
-159.77	163.01	3.058
-83.613	158.24	3.0732
-57.371	-37.857	3.138
-78.489	16.44	-3.1221
-94.938	96.867	-3.1056
-97.229	17.05	3.0656
70.643	-139.43	-3.1146
-120.1	151.44	3.0277
-109.9	153.13	-3.0978
-118.64	122.09	-3.1347
-92.129	139.43	3.1264
-78.124	-172.21	-3.1347
-58.324	-28.451	3.0966
-91.263	5.9502	-3.1329
82.935	14.228	3.1319
-100.24	125.96	3.0918
-117.17	130.46	3.1134
-99.974	125.18	-3.0764
-101.1	131.37	3.095
-150.7	95.367	-3.0774
-132.46	142.16	3.0235
-116.17	126.01	-3.1026
-127.74	135.51	-3.1241
-85.805	-7.9609	-3.0947
-107.11	-31.294	3.1297
-77.422	163.09	3.0914
-154.35	173.26	-3.1282
-111.17	10.526	3.0468
-161.81	151.96	3.1254
87.832	-164.64	-3.0806
-58.58	-31.643	-3.0891
-97.618	15.066	-3.0894
-61.824	137.38	3.0888
-102.92	1.4567	-3.1331
-63.756	131.88	3.109
88.843	0.60612	3.1247
-107.45	-176.07	-3.0991
-114.66	133.62	3.0701
-90.885	127.64	-3.1314
-121.77	140.29	3.0402
-111.95	127.59	-3.059
-101.63	165.19	-3.1338
-69.009	-38.976	-3.1306
-113.43	170.98	3.1067
-61.567	148.16	3.0787
-89.432	128.32	-3.1039
-85.518	8.4349	3.0781
60.227	30.617	3.0866
74.204	15.444	-3.1295
-110.8	16.963	-3.1026
-78.505	-17.633	3.0437
93.229	0.84623	3.0661
-116.1	171.16	3.1413
-62.875	-39.554	-3.123
-57.792	-35.077	3.1104
-58.988	-37.321	3.1299
-76.424	-3.4899	3.141
-114.17	-48.888	-3.0612
-130.39	3.087	-3.1207
73.157	10.125	-3.0846
61.09	29.694	-3.0687
-76.924	-12.695	3.0017
77.601	-152.07	-2.9978
-70.532	160.04	-3.1289
-88.722	108.2	3.1353
-75.703	-37.617	-3.0716
-158.09	153.43	-3.1084
-161.49	164.75	3.1108
-162.27	155.63	3.1075
-83.882	133.79	-3.1164
-80.029	118.36	3.1259
-118.08	168.31	3.07
-68.894	135.54	-3.1005
-116.3	163.46	-3.0955
