-105.74	144.03	3.1175
-108.7	150.66	-3.11
-120.52	95.717	3.1414
-44.447	130.96	-3.1115
-48.139	-9.7512	-3.1309
-85.069	-26.378	-3.0699
-69.462	-43.435	3.0715
-68.339	-40.097	3.1269
-50.218	-51.302	-3.1313
-86.771	8.8853	3.1388
55.554	38.91	3.094
-69.152	-40.737	-3.0949
-66.363	-12.191	3.1339
-91.808	-13.612	3.1296
-90.263	-34.366	3.1343
-62.888	-51.552	3.1313
-50.696	-51.374	3.0926
-56.52	-28.703	3.1357
107	26.8	3.1012
-118.63	116.47	-3.1136
-135.25	23.09	3.1409
73.937	15.345	3.0973
-49.231	137.88	3.1162
71.841	5.5755	3.1339
-98.723	124.22	-3.1078
-93.441	103.88	-3.1353
-107.29	130.09	3.0976
-106.63	128.17	3.083
-113.02	112.68	-3.1334
-92.694	90.254	-3.0436
-142.22	-157.96	3.1047
-72.428	-9.5472	-3.1398
121.91	-174.35	-3.1137
-144	125.72	3.1231
-66.189	84.163	-3.1013
-52.585	-17.378	3.133
-90.694	-0.68435	3.1232
-65.025	117.17	-3.0858
-52.972	-24.462	3.131
-99.23	19.15	-3.1205
-146.8	139.97	3.0998
-134.04	102.37	-3.1146
-87.874	126.04	-3.1189
-94.155	-17.841	-3.1013
-178.93	-161.29	3.1387
145.65	-162.05	-3.0885
-165.38	159.96	3.1236
-130.54	136.94	-3.1359
-128.52	14.282	3.0903
-97.952	133.63	3.1322
-82.532	136.76	3.126
89.164	-28.143	3.1211
-94.929	113.48	-3.1191
88.77	-2.0466	3.1339
-133.99	143.21	3.1391
-122.55	110.65	3.1102
-77.829	-34.125	-3.097
-121.28	46.935	3.1126
36.644	-11.022	-3.1001
-68.219	-56.085	-3.1404
-54.468	-43.829	3.1158
-65.159	-41.994	3.1093
-66.943	-47.837	-3.1404
-65.256	-35.615	-3.1362
-58.844	-44.73	-3.0816
-73.001	-26.356	3.1309
-73.866	-32.353	-3.0882
-81.66	-50.878	-3.112
-130.45	23.753	3.0898
-47.386	121.61	-3.0873
-48.491	153.17	3.0994
-95.476	90.73	3.1261
-132.71	-139.95	-3.079
-120.84	18.413	-3.0976
-163.06	171.97	3.129
64.816	-135.9	3.1271
-111.19	-155.54	-3.1143
-154.94	119.38	3.1414
-77.236	169.62	-3.0902
-66.353	-47.869	-3.1124
-133.29	73.654	-3.1052
-70.28	9.9478	3.1292
-120.26	-5.1948	-3.1195
-54.638	143.74	3.1021
-78.722	97.534	-3.1331
-89.067	109.12	3.1063
-106.69	123.06	3.1089
-97.923	117.84	3.1222
-104.36	100.79	-3.1078
-73.33	109.08	-3.1067
-124.64	2.2172	3.1045
-127.87	131.83	-3.1374
-83.347	128.4	3.1146
-13.318	-39.793	3.1136
-75.541	14.481	3.0667
86.887	-12.717	3.1361
-102.81	157.63	-3.1405
-146.79	156.62	3.1372
-97.818	150.78	3.1186
-50.145	-45.24	-3.1131
-43.43	-45.366	3.1275
-67.389	-40.03	-3.0959
-66.178	-53.781	-3.1177
-59.141	-40.31	-3.1361
-58.431	-44.275	-3.1359
-61.644	-42.901	3.1
-60.115	-54.724	3.1238
-53.892	-46.149	-3.1054
-58.1	-53.053	3.1105
-46.439	-55.178	3.1233
-61.303	-50.699	3.1405
-63.725	-18.598	3.1093
-110.27	21.12	3.1271
53.662	44.682	3.1199
-71.791	111.92	3.0957
-62.905	-25.405	3.1345
-147.54	141.81	-3.1073
-126.43	120.08	3.1169
-109.67	118.08	3.0724
-112.9	97.122	3.1352
-97.586	57.57	-3.1351
-144.06	179.33	3.1389
-173.78	-171.07	-3.1307
-177.84	155.47	3.1386
-91.547	-7.8476	3.0849
-120.01	145.27	3.1402
-99.162	-153.97	3.1162
-173.02	152.54	3.1026
-59.531	-54.953	3.1333
-56.798	-37.211	3.139
-67.345	-44.267	-3.1388
-61.779	-33.496	-3.1405
-73.381	-37.675	-3.0985
-83.891	-13.34	-3.1211
-90.466	-46.95	3.0718
-66.286	-40.171	-3.1324
-68.714	-44.68	-3.1296
-67.211	-30.679	-3.1298
-78.75	-35.239	3.0967
-70.468	-30.418	3.0972
-74.387	-9.5582	3.1125
92.794	16.124	3.1395
-89.18	157.09	3.1145
-103.99	119	3.1252
-116.1	111.71	3.0973
-111.24	130.34	3.0827
-135.8	147.31	3.1028
-60.577	138.49	-3.1397
-62.41	-41.317	-3.0871
132.36	157.84	-3.0971
-112.32	32.785	3.0833
-84.304	163.62	3.1014
-97.453	-100.23	3.092
-110.96	169.61	3.0886
-159.06	66.833	3.1373
78.156	-121.25	-3.114
-132.28	23.279	3.124
-94.705	156.37	-3.1046
-71.479	134.26	3.0705
-109.89	13.461	-3.1344
-82.199	133.25	-3.1257
-77.166	-161.06	3.1247
-124.13	139.6	0.065939
-81.865	-3.2303	-3.1287
-49.43	-29.933	3.1253
-66.663	-31.698	3.1254
-64.21	108.66	-3.0676
-59.305	8.3891	3.0969
-93.667	-14.79	-3.1277
-104.77	134.45	3.0869
-84.928	117.56	3.1185
-87.829	115.92	-3.1183
-106.41	125.43	3.1145
-98.145	164.01	-3.1188
-109.76	136.58	3.0784
-121.65	-179.62	3.1195
-117.46	-162.29	-3.1404
-74.049	-24.81	3.1058
-98.238	24.951	-3.1079
50.437	27.89	3.1268
-86.714	140.13	-3.1367
-71.277	122.78	3.1333
-55.996	142.55	-3.1357
-52.034	-43.178	-3.1138
-88.105	-11.929	-3.1265
-63.63	138.68	-3.1117
-74.416	136.06	3.0796
-110.37	148.04	3.1153
169.07	169.49	3.1125
-66.007	-26.304	-3.0728
-81.281	-14.305	-3.1064
-49.701	134	3.1269
-99.451	-54.594	-3.101
-157.59	175.17	-3.119
-113.72	158.33	3.0958
-155.27	162.82	3.0918
-64.428	126.94	-3.1209
-140.96	-7.0416	3.127
-104.82	139.09	3.1283
37.263	70.022	3.1228
-115.7	117.96	3.1077
-90.945	128.94	3.129
-161.74	-178.67	3.1028
-58.975	132.47	3.0811
-127.97	132.51	3.1135
-44.672	126.08	3.1058
87.752	59.348	3.133
39.707	77.036	3.1074
-164.57	173.4	-3.0796
-136.53	148.34	-3.0871
-147.86	174.22	-3.138
-117.18	115.43	3.1352
-117.44	165.72	-3.1188
-130.87	150.92	3.0981
138.91	165.2	3.0993
-66.808	-26.667	-3.0917
-61.14	-27.844	3.1182
-91.977	-27.795	3.1298
-67.532	-50.366	3.0996
-48.62	-42.282	-3.1296
-71.42	-33.149	3.1156
-61.955	-46.791	3.081
-62.979	-42.588	-3.1338
-62.141	-33.588	3.0896
-79.088	-45.669	3.1354
-47.865	-34.471	3.1207
-75.825	-29.756	-3.1359
-68.96	-41.018	3.0953
-54.626	-55.088	3.1364
-59.913	-46.01	3.1261
-65.264	-22.867	3.1238
-87.153	-19.509	3.1132
-90.232	-44.65	-3.1132
-126.66	84.387	-3.0624
-81.825	5.3806	-3.0999
-101.3	-26.703	-3.1414
-50.652	160.95	3.1081
-106.18	168.77	-3.1118
-52.049	-75.724	3.1225
-37.731	-34.601	-3.1152
-62.469	-47.101	3.139
-68.454	-43.36	3.1203
-61.391	-49.941	-3.1235
-50.427	-43.66	-3.1145
-70.277	-34.6	3.132
-76.636	-46.083	-3.0962
-55.803	-90.163	-3.1374
-72.516	71.522	3.1235
166.34	3.7211	-3.1374
-79.435	-179.62	-3.1282
-102.13	122.55	3.1228
-59.007	119.31	3.1376
-114.01	-20.205	-3.1207
152.78	-173.64	3.1147
-33.135	144.4	-3.1343
-60.584	-41.029	3.1223
-48.524	-51.778	-3.1132
-91.669	-35.954	-3.0826
-116.06	-2.697	-3.1364
65.951	-141.38	-3.1334
-84.772	-7.8921	3.0654
105.7	-153.15	-3.1001
-78.78	131.52	3.1385
-71.402	142.93	3.0935
-126.53	105.76	-3.1253
-73.885	-41.799	-3.1283
-62.126	-64.777	3.0604
-49.943	-55.837	3.1342
-57.351	-38.978	-3.0971
-42.153	-75.454	3.047
