131.02	-107.65	-3.0035
-59.174	-157.3	-3.0494
-144.92	165.57	2.9945
-58.372	119.43	-3.1357
-66.785	-40.701	-2.9164
105.99	137.72	-3.1197
-57.678	136.17	3.0121
59.589	17.952	3.0801
-83.3	-3.6814	-3.1401
-131.72	69.977	-2.99
-61.987	-15.485	3.1211
-95.52	0.75346	3.1003
-70.061	127.02	3.024
-119.98	159.82	3.0391
-113.31	133.77	3.11
-102.8	120.47	-3.0331
105.95	-29.134	3.1034
-156.89	160.46	3.0409
-70.01	122.01	-3.1236
-127.99	-8.7487	3.1379
-163.65	158.17	2.9808
-106.81	-174.31	3.0685
-176.95	-178.57	-3.0451
-125.5	132.47	3.1041
-78.734	125.58	-3.1157
-96.603	-33.437	2.9797
-157.31	-170.3	-3.0151
-70.195	-11.112	-3.0769
-123.53	0.70224	-3.0358
-138.93	142.87	3.127
-124.87	143.64	2.96
-112.8	142.23	3.1361
-147.32	-169.27	-3.1206
-94.138	150.46	-3.1296
-70.518	-29.249	3.0323
-64.234	-4.5313	3.0653
-94.463	-0.84427	-3.1119
-61.37	142.65	3.05
-168.02	159.92	3.0912
-82.286	147.41	3.0225
74.869	41.196	-3.0927
-87.74	140.01	2.8468
-113.92	143.25	-3.1273
-103.33	112.81	-3.1289
-88.612	146.05	2.8985
-127.47	-79.144	3.1033
-83.865	110.59	-3.135
-72.122	-1.8061	3.0774
-105.53	2.003	-3.0752
-137.66	139.2	3.0924
-90.455	112.33	-3.0625
-100.18	-14.344	2.9571
113.74	-5.8143	3.0669
-111.73	8.3523	-3.0631
-76.649	151.49	2.937
-127.05	127.41	-3.1185
-113.6	109.16	-3.0267
-125.58	130.64	3.0518
-81.965	161.22	-3.0706
-85.279	129.24	3.0736
-99.527	-20.973	-3.0723
-153.39	134.47	2.9932
-117.4	135.39	3.077
-127.18	105.24	3.0529
-80.715	141.88	-3.1057
-55.577	133.74	-3.0241
-57.253	-31.922	3.0491
-95.537	18.12	3.1155
-64.736	130.65	3.0582
-112.27	112.27	-3.0771
-76.562	-15.043	3.0907
-72.675	-37.819	-3.0967
-110.77	-8.1161	-3.034
57.625	28.741	3.0897
-79.163	136.58	-3.0549
56.858	54.212	-3.0732
-85.542	72.795	-3.1373
-149.09	143.01	3.1032
-141.47	151.51	3.0336
-110.68	142.62	3.1351
-125.89	123.51	3.1171
-98.713	136.86	3.1265
-89.587	140.54	-3.1402
-57.578	-34.238	-3.1163
-135.31	150.65	3.1074
-73.594	143.94	3.0077
-77.443	145.89	2.9073
-73.303	107.07	-3.1327
-86.911	143.28	-3.1133
-160.77	-172.36	-3.1155
-51.421	-29.358	-3.0445
-108.54	-3.8129	-3.1027
-138.28	106.29	-3.0035
-136.49	157.99	3.1362
-89.965	154.41	3.0925
-113.81	145.76	-3.0504
-88.62	148.93	3.133
-85.25	148.28	-3.108
-67.853	146.95	2.9083
-79.657	150.87	-3.1411
-82.241	147.83	3.131
89.615	-14.996	3.0469
-69.349	145.3	-3.0998
-89.682	130.37	-3.0514
-135.18	161.74	3.1018
-116.92	124.59	-3.0888
-115.42	137.26	-2.9124
-136.44	143.53	3.0967
169.88	165.99	3.1124
-94.655	141.28	2.9094
64.883	71.035	2.9108
-52.496	-29.693	-2.9035
155.89	-69.082	-3.0141
-29.397	-76.956	-2.9027
110.79	-98.652	-3.0634
-73.365	100.11	3.0259
-137.81	-73.461	2.7717
-117.12	-77.984	-3.0211
-102.6	-119.48	-2.9223
-103.21	142.98	2.8337
-62.088	-8.8361	3.0303
-81.122	-38.057	-3.1135
-95.727	156.25	-3.0033
-72.862	136.13	-3.1177
-112.34	155.03	-3.0141
-134.95	146.37	3.0348
-142.76	136.35	3.0641
-103.89	124.16	-3.0863
-140.08	149.35	3.0523
-80.5	143.37	2.9673
-69.16	135.49	-3.129
-93.337	166.14	-3.1157
-75.154	141.17	3.0615
-47.168	-51.035	3.0148
-44.074	-53.543	3.0663
-64.572	-39.216	-3.1221
-59.066	-52.363	3.1359
-65.096	-36.452	3.1167
-69.521	-33.488	2.9996
-67.933	-34.698	-3.0879
-132.96	66.964	-3.0557
-54.489	132.13	3.135
86.449	-23.143	-3.0157
-103.39	-19.473	-3.1054
-95.199	126.98	3.071
-100.29	169.69	2.9391
-52.029	-20.374	-3.137
-102.49	17.647	-3.1386
-135.07	147.54	2.9257
-138.03	165.26	-3.1146
-114.12	146.84	3.0389
-150.11	153.89	3.1248
137.22	132.13	-3.0499
-77.195	-50.587	-2.7409
-79.819	65.329	-2.9966
64.138	59.052	-3.1111
-104.09	125.38	3.027
-132.01	-166.94	2.9167
-91.016	-125.49	3.0585
151.47	129.95	3.026
-15.939	131.84	-2.9451
145.47	-47.801	3.1215
-87.865	4.2889	-3.0413
-56.2	145.46	-3.1259
80.68	-14.031	-3.0686
-74.881	170.14	-3.0501
-84.344	149.67	2.9297
-122.22	117.87	-3.014
-119.67	134.18	-3.1257
-144.64	135.24	-3.0626
51.767	38.942	-3.1059
58.368	34.005	3.0582
-102.49	-21.477	3.0303
-149.47	177.17	3.1324
-130.87	132.58	3.136
-63.406	116.79	-3.0293
-110.48	-59.062	-3.0528
-162.88	-176.71	-3.0967
162.68	-164.22	-2.9843
-110.58	-61.287	2.8677
-79.6	-97.657	-2.8717
-154.91	-122.51	-3.0168
-109.55	50.207	3.1095
-124.97	98.017	-3.0986
-68.415	161.7	3.0417
-74.272	153.58	3.1197
-118.48	130.14	-2.9411
-124.89	142.83	3.0744
-68.236	138.72	-3.102
-91.253	84.064	-3.0673
-45.467	-36.516	-3.1284
-58.662	-23.905	3.0406
-78.009	-11.502	-3.0576
-113.62	10.45	-2.9911
-63.913	-40.66	-3.1414
-64.099	-46.698	2.9986
-55.866	-47.278	-3.1207
-60.802	-53.344	3.111
-62.349	-39.718	3.0715
-65.514	-49.915	3.1107
-58.874	-48.965	-3.0972
-66.461	-35.126	-3.0849
-69.922	-25.977	3.1401
-97.779	9.718	-3.0456
