159.25	51.125	-3.1208
-50.985	-42.372	-3.1303
-64.829	152.52	-3.141
-160.34	-143.89	3.1401
-133.04	17.797	3.1264
-86.127	173.49	-3.1384
-62.952	-31.194	-3.1188
-86.787	-17.107	-3.1374
-137.5	14.359	-3.1267
-70.168	-178.45	-3.1384
-43.769	-38.337	-3.1255
-68.916	-11.578	-3.1356
-114.09	-10.815	-3.1214
-51.908	-32.916	-3.1176
-56.606	-22.719	3.1362
-62.786	-56.359	-3.1268
-87.015	-17.413	-3.1296
-137.53	80.792	-3.1364
-49.03	-29.339	-3.1343
-59.588	-16.946	3.1302
-51.592	-28.589	3.1366
-103.15	23.279	-3.136
-67.725	-177.72	-3.1131
-88.561	-12.311	-3.1173
-134.83	54.778	-3.1252
-87.788	148.45	3.1353
-123.94	157.29	0.0042537
-82.098	-177.65	3.1211
-141.39	159.09	3.0866
-83.842	138.02	3.1301
-99.455	108.85	3.1182
-86.678	97.988	-3.106
-54.171	-29.744	-3.1374
-65.501	-30.517	-3.1281
-96.178	0.23218	3.134
-63.806	136.22	-3.1081
-100.43	147.03	3.1123
-101.58	121.42	-3.1317
-116.11	110.01	3.1415
-58.274	-19.264	3.1413
-73.467	-22.802	3.1331
-64.38	139.14	3.1391
-113.57	168.68	3.1307
-70.549	151.28	3.1221
-66.865	136.52	3.116
-113.63	91.216	3.1323
-92.117	95.425	3.1393
-90.594	78.124	-3.106
-101.64	2.1136	-3.1297
-42.489	-50.774	-3.1265
-97.063	20.875	3.1303
-56.074	129.4	-3.1347
-119.46	95.003	3.1309
-68.092	145.44	-3.1236
-112.98	-74.476	-3.1268
-136.1	164.07	3.0895
-112.1	127.74	-3.0824
-125.69	134.8	3.0862
-82.234	112.89	-3.0977
-91.516	6.1779	3.1344
96.847	-14.122	3.1118
-135.35	-17.261	3.1075
-172.02	-151.03	3.1041
-137.9	146.94	3.1318
-112.35	138.48	3.0334
-104.04	105.11	-3.1183
-78.384	145.83	3.1139
-125.69	148.56	3.1144
-70.362	110.46	-3.1396
-111.09	29.833	3.1399
-75.321	-26.127	3.1195
-141.04	173	3.1352
-78.973	67.619	-3.139
-85.369	-33.852	3.1254
-144.31	109.37	-3.1274
-126.84	164.11	3.1184
-120.23	127.15	-3.1348
-138.6	174.37	3.1401
59.596	-134.88	-3.1022
57.266	-127.63	3.1327
-100.63	5.1385	-3.0849
-87.007	160.12	3.0868
-128.37	123.69	3.1374
99.435	-173.28	-3.1277
-112.15	135.55	-3.1341
-122.39	119.22	-3.1363
-83.853	139.51	3.1061
-76.59	122.67	-3.14
-107.06	-35.246	-3.1381
-170.25	158.81	3.04
-131.83	153.94	-3.1393
-153.98	170.08	-3.1349
-121.73	169.54	3.0829
-135.73	136.86	3.1384
-145.56	171.86	-3.1353
-114.65	176.88	-3.1242
-77.199	-14.411	3.1147
-140.05	156.92	-3.1049
-59.088	-25.958	-3.1201
-75.846	4.726	3.1408
-157.15	161.77	3.1362
148.33	-35.35	3.1377
-70.675	148.86	3.1408
-87.964	-53.323	3.0758
-76.137	152.33	3.1143
-129.49	154.25	-3.1386
-116.41	106.41	-3.0911
53.921	49.165	3.1414
71.287	-5.2112	3.1346
-72.232	130.19	3.126
-110.19	140.22	3.1121
-102.77	170.05	-3.1224
-65.405	-32.505	-3.1373
-157.86	173.41	3.1393
-144.86	126.37	3.1257
-94.197	134.86	3.1182
-121.88	115.91	3.1138
-99.073	107.6	-3.0933
-90.378	127.2	-3.1348
-128.48	154.25	3.1005
-130.58	144.93	-3.1201
-64.15	118.07	-3.135
-65.036	-4.1564	3.1177
-74.186	-9.7988	-3.1012
-105.34	-1.2895	3.1151
77.645	-28.624	3.1157
-164.6	150.98	-3.1279
-51.224	-41.832	-3.1281
-61.814	-50.791	3.134
-62.487	-39.466	3.1383
-60.631	-43.612	-3.1193
-60.88	-10.83	3.1333
-93.363	-0.47392	-3.1273
-121.85	139.87	-3.1399
-53.302	-26.982	3.1367
-102.84	12.279	-3.0915
-74.915	-38.575	-3.1102
-120.03	156.01	3.108
-141.3	122.16	3.1402
-122.58	127.62	3.1065
-96.071	121.04	3.1248
-98.459	135.54	3.133
-129.5	123.84	3.136
-78.249	139.12	3.0799
-106.63	115.72	-3.1211
-102.41	121.77	3.1397
-55.802	127.68	3.134
179.33	-125.35	3.1256
-64.494	145.55	3.1047
-63.958	148.13	-3.1268
-113.2	109.53	-3.1362
-57.158	-38.164	-3.1358
-62.284	-22.053	-3.1366
-81.559	-15.048	-3.1164
-51.55	-56.971	-3.1188
-52.87	-35.808	3.1351
-68.251	-54.543	3.1386
-56.084	-36.25	-3.1314
-64.385	-26.143	-3.1318
-86.967	-15.454	-3.1116
-53.776	-40.6	3.1328
-66.136	-7.8224	-3.1413
-97.978	-7.7959	-3.1297
-134.58	40.152	-3.1209
-51.156	-46.668	-3.0998
-105.44	154.04	-3.1404
-42.628	126.13	3.1115
90.719	-17.323	-3.1378
-71.446	139.01	3.1339
-131.68	167.86	3.1392
-150.33	151.44	3.1221
-64.133	135.58	-3.1185
-144.81	68.558	-3.1349
-80.113	165.29	3.1039
46.43	38.883	3.0942
-99.554	121.46	3.1302
-83.036	113.01	-3.1386
-61.919	-24.804	3.1343
-71.064	-13.945	3.135
-71.093	-13.055	3.1415
-104.08	19.791	3.1332
-111.38	146.54	3.134
-77.592	166.02	-3.1362
-68.41	-43.666	3.1163
-90.154	133.14	-3.1096
-106.24	32.016	3.0892
-59.392	150.45	-3.1177
-155.89	162.29	3.0895
-113.44	146.43	3.1332
-142.51	140.81	3.1235
-157.81	157.77	3.1385
-79.612	126.74	-3.1201
-146.59	-148.64	-3.1109
-141.48	176.52	3.0648
-69.296	145.76	-3.1214
-89.105	6.2077	3.112
-130.44	153.53	3.1307
-54.944	148.72	0.0068097
-68.805	3.5353	3.1095
53.862	36.537	-3.1194
-66.124	136.34	-3.122
-89.964	72.439	-3.1201
-134.36	16.066	-3.1022
-104.06	126.8	3.0468
-93.545	106.31	3.1395
-78.587	135.34	3.1224
-130.1	90.28	-3.1345
-96.812	116.45	-3.1244
-66.503	140.57	-3.1274
-77.293	-31.323	-3.1179
-92.455	120.32	3.1384
-81.157	170.01	3.065
-111.03	162.82	-3.1055
-89.514	161.81	3.1103
-159.55	139.81	3.134
-89.048	156.86	3.1206
-58.618	-36.537	-3.1414
-67.129	-36.684	3.1205
-69.298	-36.319	-3.1416
-62.479	-31.054	3.126
-61.568	-34.567	-3.1266
-60.308	-40.678	3.1335
-62.21	-37.875	-3.1065
-77.572	7.8335	-3.1406
-93.978	-9.1295	3.1303
-72.277	167.94	-3.1372
-119.99	131.92	3.1061
-72.178	-31.962	-3.084
-78.801	158.08	3.1042
-93.306	148.93	3.1401
-53.093	135.77	-3.1303
104.42	-18.787	3.125
-98.997	167.32	3.1351
-61.188	136.34	3.1391
-60.789	137.67	3.1212
-142.94	108.35	-3.114
-72.021	144.81	3.1324
-85.017	71.31	-3.1222
-76.835	-32.817	-3.1334
-152.87	138.08	-3.1379
-147.29	36.662	3.1353
-108.74	140.14	3.0997
-91.287	135.97	-3.1406
-71.664	169.23	3.137
-56.956	136.98	-3.1398
-108.08	158.13	-3.1401
-51.219	124.52	3.1313
-65.107	-40.129	-3.1369
61.921	-132.71	-3.1098
-90.648	35.875	-3.1207
-102.76	151.06	-3.1295
-114.1	130.82	3.1001
-100.08	123.85	3.1329
-105.44	152.4	-3.1249
-128.83	139.01	3.1193
-122.43	136.47	-0.0011973
-71.362	-8.5216	3.1222
