-95.757	149.85	3.0689
-75.126	166.53	3.0655
-58.361	-42.533	3.1066
-60.825	-41.692	3.1203
-65.745	-44.874	3.0775
-59.451	-40	3.1088
-60.887	-40.867	3.0932
-63.592	-43.785	3.1289
-55.404	-47.509	-3.0441
-77.389	-23.417	2.9659
-67.963	-47.71	3.04
-56.486	-42.161	-3.1029
-60.447	-30.092	3.0221
-53.364	-33.823	3.063
-60.866	-47.861	-3.1329
-62.037	-42.949	-3.0609
-65.864	-21.351	3.1142
-72.582	-22.999	3.1212
-153.24	71.802	-3.0298
-63.728	-41.483	-3.1094
-67.099	-41.532	3.0903
-63.699	-48.361	3.0592
-61.541	-44.616	-3.1406
-60.678	-45.799	3.0798
-58.072	-48.871	-3.1061
-65.824	-36.583	3.0823
-61.69	-47.123	-3.128
-67.139	-39.532	3.106
-64.015	-41.873	3.0602
-59.007	-45.411	3.1262
-61.364	-48.817	-3.0271
-71.679	-35.545	-3.1339
-79.01	-36.898	3.1125
-74.164	-28.785	-3.0325
-140.84	76.728	-3.0504
-56.409	-24.124	3.0768
-58.622	-28.356	-3.0989
-68.413	-33.752	3.1108
-57.678	-35.153	-3.0634
-67.82	-16.091	3.0636
-76.841	-14.525	-3.1014
-109.14	98.081	3.0315
-52.798	-35.117	-3.128
-77.575	-9.2379	3.1093
-118.06	-3.2545	-3.1053
-60.063	-22.029	3.1294
-75.945	-15.143	-3.0913
-77.605	91.815	-3.0287
-87.612	-12.842	3.1102
-135.59	157.92	3.0145
-61.323	-35.098	3.0756
-57.149	-45.727	3.1084
-63.437	-40.438	3.0759
-58.964	-47.654	-3.1171
-64.649	-32.346	-3.1163
-87.803	-4.6775	-3.1191
-80.147	112.69	3.1145
-72.139	-28.923	3.1043
-70.653	-33.255	3.0556
-64.1	-40.969	3.1002
-62.998	-42.874	3.0639
-56.269	-49.669	3.1133
-64.324	-36.884	3.0615
-56.692	-41.449	3.0834
-62.879	-44.91	3.1351
-60.088	-46.203	-3.0826
-65.287	-48.668	-3.0837
-73.389	-28.45	3.0425
-64.687	-42.715	3.1014
-62.033	-48.314	-3.1356
-61.499	-41.049	3.1392
-61.757	-41.017	3.099
-61.84	-41.401	3.0934
-63.855	-46.434	-3.1078
-61.559	-36.547	-3.1131
-69.991	-12.152	3.0045
-79.81	-10.314	3.0609
52.164	48.804	3.0681
92.582	-17.691	-3.1379
-90.938	62.747	-2.83
-123.78	18.606	-3.106
-52.955	-46.271	-3.0504
-70.007	-34.214	3.1059
-75.181	-37.921	-3.0285
-81.589	-35.853	-3.1202
-47.916	-55.829	-3.0942
-63.028	-32.186	-3.1294
-72.066	-43.011	3.0645
-60.094	-44.323	-3.1055
-68.452	-41.378	-3.1396
-68.711	-39.168	-3.0994
-72.655	-33.727	3.0601
-77.033	-46.15	-2.8962
-92.017	-40.579	-3.0913
-94.114	-52.919	-3.012
-84.682	-20.214	3.1109
60.033	52.923	-3.0762
-98.317	111.13	3.0999
-60.842	147.89	-3.1387
-58.405	-29.4	3.0289
-51.466	-39.815	-3.1326
-68.885	-27.787	3.047
-70.927	-32.76	2.9569
-61.246	-47.655	3.1268
-56.216	-47.143	-3.0722
-70.707	-30.264	3.0798
-63.765	-47.076	3.091
-62.338	-37.67	3.1046
-62.201	-39.061	3.0855
-60.175	-46.646	3.1047
-60.644	-44.187	3.1196
-60.912	-46.768	-3.0843
-65.085	-37.763	3.0981
-60.476	-44.901	3.0843
-67.679	-37.156	-3.0933
-67.264	-37.982	-3.0843
-87.867	-20.752	-3.0476
-135.42	54.895	-3.0287
-65.77	129.95	-3.0669
81.892	-3.4634	-3.1261
-120.63	17.902	3.0866
-129.07	83.822	-2.9483
-69.203	169.45	-3.0551
-61.713	-41.018	3.0669
-61.983	-43.437	3.1337
-61.902	-44.497	3.0852
-62.567	-42.361	3.0924
-57.316	-49.58	-3.0971
-65.113	-46.751	3.1407
-63.338	-40.192	3.0675
-59.484	-45.569	3.1052
-59.428	-41.585	-3.1117
-65.685	-40.894	3.1186
-69.942	-35.79	3.0244
-64.15	-40.638	3.111
-62.677	-45.191	3.0523
-53.292	-53.773	3.114
-58.349	-43.518	-3.0879
-64.398	-41.407	-3.1268
-72.874	-37.265	2.9817
-60.783	-44.865	-3.1285
-58.009	-39.593	3.1057
-60.292	-41.6	3.1015
-69.074	-39.709	3.0463
-57.875	-42.676	3.1149
-61.613	-44.652	3.0725
-50.146	-45.613	-3.0889
-82.892	-4.673	-3.1244
67.706	28.102	-3.1366
-97.664	126.4	-2.9547
