-69.034	171.93	3.0147
-101.87	-38.143	-3.0754
-72.745	-51.836	3.069
-58.693	-39.24	3.0644
-51.046	-53.115	-3.1388
-60.323	-43.924	-3.0492
-66.256	-49.209	-3.0243
-69.761	-45.772	2.9785
-45.948	-65.732	-3.1112
-53.263	-35.272	3.1053
-63.27	-25.491	-3.1297
-140.17	-0.22483	-3.0351
-114.82	-46.129	-3.0469
-53.317	-31.834	2.9779
-43.764	-39.396	3.0459
-100.97	-33.786	-2.9253
-126.46	72.819	-3.0589
-78.68	60.509	-3.1044
-76.674	57.757	2.9751
-151.69	30.637	3.1143
179.18	-179.84	2.9992
-72.053	66.518	3.0359
-92.363	114.77	3.077
-66.02	172.48	-2.9676
-88.994	68.491	-3.0178
-77.328	-80.328	-3.1367
-106.63	8.2403	-3.0516
-174.45	135.71	3.1116
-75.938	138.96	2.9886
-58.495	131.18	-2.873
-81.84	53.502	-2.8758
-82.311	71.574	3.0531
131.99	-70.112	3.0375
69.577	-80.666	-3.1356
-59.742	117.68	-3.1079
90.743	-24.974	-2.9952
-86.36	96.357	3.1257
-51.781	121.23	3.0607
-83.3	-160.19	3.0513
79.037	8.6161	-3.0283
-166.8	78.893	3.0279
-87.5	157.1	3.1012
-70.397	-18.033	-3.1402
-139.71	-92.489	3.0913
-72.044	92.758	3.0386
-98.611	35.8	2.9165
63.906	-162.57	2.9488
-71.795	164.01	2.8541
-47.174	-45.157	-3.0173
-58.044	-45.586	3.0709
-78.642	-40.739	-3.1145
-56.406	-36.67	-3.0658
-71.664	-17.94	-2.9919
-71.728	-64.184	-3.0706
62.415	75.659	3.0941
-130.11	155.08	-3.0107
-83.656	11.554	-3.1408
40.956	57.575	3.1055
-81.783	173.33	3.1003
-75.481	43.755	3.1113
-137.68	-60.305	-3.0778
-68.16	-34.763	2.9929
-59.979	-44.043	3.1389
-60.044	-52.999	3.1373
-50.257	-52.895	-3.1022
-62.221	-61.496	-3.0795
-56.662	-36.193	3.0848
-67.42	-52.09	-2.9633
-137.85	66.878	-2.8471
-66.859	-42.379	3.0762
-59.391	-23.277	3.0838
-87.593	-51.861	3.126
-50.826	-43.958	3.1077
-128.78	108.42	-3.0552
-76.458	74.754	2.9774
126.01	52.212	2.9861
-82.712	168	2.9499
-85.009	-6.6143	3.0628
-73.27	140.57	-2.9821
-127.77	89.772	-3.0084
-161.98	75.061	-2.9416
-60.605	-37.276	3.1376
-150.68	167.38	-2.8914
-110.51	-54.045	2.9987
-170.9	-64.022	-2.9808
-167.89	-57.654	-3.0947
-171.24	-50.271	-3.1251
-52.781	-50.577	-3.0869
-60.071	-36.934	3.0605
-59.876	-27.267	-3.0652
-99.421	-28.532	-3.1137
-73.981	-53.63	3.1106
-55.567	-46.292	-3.0899
-74.311	-8.1418	3.0581
-91.567	-45.794	2.974
-48.309	-56.125	-3.0546
-61.945	-22.158	3.1013
-69.489	-11.834	3.0327
-115.89	-23.341	2.98
-60.334	-34.426	2.9823
-57.086	-19.702	-2.9451
-117.5	-35.122	3.0952
