-72.663	118.79	-3.0518
-75.87	163.88	-2.991
-95.116	-21.31	-3.1138
-133.53	147.14	-2.9819
-153.02	172.31	3.0068
-100.27	141.82	2.9871
-152.85	164.88	2.9908
-101.26	116.24	-2.9867
-126.79	150.62	2.9577
-135.35	158.85	-2.931
-114.34	-23.475	3.0295
-134.05	149.15	-3.1205
-50.742	133.67	3.0625
69.088	0.093313	3.1262
-69.602	-170.13	-3.0585
-71.573	124.02	3.1201
-73.873	103.95	-2.9596
-98.48	115.87	2.9605
-89.433	105.3	-2.9149
-156.54	173.57	-3.1157
-83.695	117	3.0679
-118.96	166.8	3.075
-67.446	154.85	2.9117
-86.7	129.41	-3.0987
-76.776	142.94	2.9787
-78.895	134.54	3.051
-65.967	145.65	2.9305
-81.124	173.87	-3.0734
-57.299	-31.512	-3.1365
-91.074	-6.5802	-2.8702
-113.78	152.84	2.9547
-88.245	157.83	2.904
-109.44	122.04	-3.0429
-116.71	124.12	2.9137
-83.576	103.17	-3.0389
-80.099	129.15	-3.0805
-103.85	-47.561	2.9802
-134.66	115.67	2.8196
-93.806	133.51	2.8884
-77.576	156.45	3.0872
-104.58	120.97	-3.1309
-100.03	145.17	3.1054
-56.556	-34.891	2.9454
-41.165	-43.417	-3.1051
-62.215	-31.593	2.9852
-69.609	-54.567	3.0323
-45.264	-40.257	-3.1317
-65.525	-52.956	3.1226
-59.326	-34.454	-3.0039
-79.793	-21.713	-3.0389
82.647	28.018	-3.0088
-65.998	-22.435	-3.0463
-116.71	147.93	-3.0634
-44.339	-39.869	-3.0802
-86.608	133.84	-3.1102
-77.76	146.68	3.0864
-77.807	178.37	3.0292
-89.419	118.02	3.0877
-110.19	133.45	-0.025375
-78.783	140.57	-3.0598
-106	131.88	2.7589
-94.377	113.82	-3.0972
-76.897	-170.95	3.0191
100.68	135.74	-3.1083
-149.8	14.275	3.0522
-118	56.105	-3.0305
-94.871	116.17	3.0644
-113.38	120.97	-3.1109
-158.43	-159.6	-3.1107
-114.63	152.56	3.0459
-84.739	113.48	-3.1389
-108.92	-16.8	-3.1263
-160.9	165.89	-3.0637
-168.8	149.85	3.0921
-71.251	163.66	3.1234
-62.591	-24.859	3.1378
-92.662	1.7239	3.0091
-76.922	138.26	-3.1369
-118.04	-71.123	-2.9814
-72.99	46.55	-3.0785
-146.45	156.1	3.0138
-132	150.85	3.0058
-65.313	135.01	-3.0828
105.57	-18.194	3.0851
-63.861	148.37	2.9941
-84.421	135.79	-3.0374
-132.82	150.2	-3.1219
-121.28	124.63	3.1049
-90.223	125.84	-3.1029
-116.02	179.36	3.0062
-57.064	-51.398	3.0931
-77.441	90.439	3.1168
-66.692	-42.774	-3.1121
-170.38	147.97	3.0051
-121.63	169.28	-3.0808
-64.371	-26.916	-3.1159
51.085	33.645	-3.1228
-149.03	6.8941	-3.1388
-107.65	178.96	-3.0277
-64.697	-27.505	-3.1151
-90.018	-35.129	3.0715
-67.679	-23.035	3.0352
-79.841	-28.509	-3.1281
-87.075	-1.5349	3.1368
88.676	5.2201	3.0211
-96.865	59.828	-3.0995
-60.707	-44.671	-3.0882
-63.726	-20.867	3.1005
-89.255	2.465	3.0307
-54.622	130.78	3.0485
-61.553	-13.936	-3.0718
-113.31	15.2	3.0437
-48.042	131.39	3.0633
-110.66	132.3	-2.8742
-123.88	125.02	3.0926
-70.022	133.15	-3.0901
70.533	24.492	3.0267
-149.2	-63.791	-3.1325
-114.55	-1.7154	3.1256
-139.39	128.43	3.0988
-45.663	122.21	-3.0013
-85.525	-149.52	-2.9994
-109.97	13.609	2.9918
-87.208	48.136	-3.1413
-161.58	154.47	-3.0966
-66.241	-31.042	-3.1235
-130.64	129.6	-3.0784
-146.36	147.44	3.1017
-102.3	144.5	3.105
-152.76	146.82	3.1404
-57.538	136.46	-2.9898
-77.901	-25.213	3.058
-72.462	-49.209	-3.1402
-70.894	-36.132	-2.9832
-43.708	139.01	3.1291
-74.25	119.03	3.0098
-77.912	108.11	3.0511
-92.693	127.34	3.1204
-68.078	128.21	3.0288
-38.63	139.46	-3.0709
97.252	-27.312	-3.0837
-57.228	129.12	2.8837
-63.799	112.9	-3.0653
-70.815	-25.702	3.0938
-66.769	-37.66	-3.0432
-80.766	-39.073	-3.0571
-78.74	-21.244	-3.1195
-39.297	-52.799	3.0929
-66.166	-18.443	3.046
-61.288	-26.09	-2.9946
-69.07	-14.134	3.0364
-144.59	-67.999	2.926
-41.704	-54.079	3.1158
-58.955	-71.489	3.1346
-50.255	-41.358	-3.1212
-55.006	-59.921	3.1058
-67.413	-29.973	3.0771
-64.169	-52.053	3.0861
-60.155	-36.344	3.1273
-65.364	-38.823	3.1221
-68.158	-35.883	3.0436
-65.232	-37.811	-3.0611
-78.044	-7.3438	3.044
-86.743	-10.731	3.044
55.848	52.858	-3.1397
-93.496	170.63	3.0241
-127.24	153.41	2.9868
-46.484	135	3.1143
94.895	-15.861	3.076
-80.18	150.34	3.0942
-82.508	125.69	2.9252
-110.56	135.82	2.9987
-105.66	124.78	3.0967
-104.7	111.16	3.0991
-88.689	111.66	-3.0366
101.28	32.46	-2.9386
-59.443	-14.508	3.089
-98.437	-8.5339	-3.1058
-69.549	-176.48	3.0627
-57.831	-61.474	3.1183
-61.063	-55.869	3.1299
-47.963	-40.592	3.1044
-66.243	-32.754	2.998
-77.416	-37.904	-3.1221
-60.101	-34.35	-3.0447
-63.606	-44.756	-3.0733
-75.978	-52.556	3.0303
-46.535	-45.739	3.1236
-60.96	-44.822	3.1259
-60.914	-56.802	2.9848
-41.903	-37.357	-3.0628
-91.584	1.6264	2.9979
92.241	8.7582	3.1401
-86.086	157.49	2.9097
-80.21	128.47	-3.0206
-104	118.05	2.9286
-106.31	138.03	3.124
-123.93	133.58	2.9838
-117.7	107.25	2.9399
-140.3	-160.94	-2.9911
-174.73	136.3	3.1155
111.87	179.48	3.1272
-40.771	115.2	2.9501
65.211	6.2519	-3.0589
-66.93	-43.933	3.054
-65.355	-40.088	-3.1159
-60.367	-44.734	3.025
-57.149	-45.009	-3.0886
-63.911	-39.404	3.109
-70.259	-46.634	-3.1203
-57.165	-34.013	-3.1299
-92.984	12.22	2.9546
96.143	12.132	3.1141
-74.6	147.87	-3.0222
-94.865	-50.813	-3.0781
-124.87	122.62	3.0918
-109.05	136.17	3.0379
-122.87	118.99	-3.0947
-84.786	116.5	-3.1255
-74.624	2.4617	3.0714
-94.933	-36.289	-2.9346
-100.33	-27.47	-3.0629
-96.278	111.92	3.1028
-63.827	-29.152	-3.0563
-126	80.576	-3.1131
-65.333	-49.996	3.1255
-52.05	-61.419	3.0801
-50.298	-35.938	3.123
-67.904	-50.336	3.095
-56.246	-48.997	3.1185
-57.194	-37.86	3.1021
-72.554	-42.815	-3.1305
-59.906	-35.035	-3.0554
-112.86	0.88557	3.0225
64.188	56.296	3.1347
117.53	2.2384	3.0077
112.87	165.23	-3.1043
-83.043	124.12	2.8881
-47.197	-48.985	3.1384
-122.82	145.92	2.9679
-131.42	135.43	3.0408
-119.8	113.64	3.0996
-86.081	98.316	3.1283
-125.74	25.497	2.8702
-82.624	171.51	3.0071
-113.55	45.048	-2.9922
-136.11	120.42	3.1268
-71.202	-29.273	3.0371
-67.498	-33.97	3.0623
-66.217	-31.413	3.1066
-71.512	-37.353	3.0942
-59.188	-46.736	-3.0904
-67.76	-28.552	-2.9934
-69.985	-22.959	-3.1406
-79.749	-15.581	-2.9723
-109.23	-26.585	3.0176
-96.503	9.6904	3.0901
-85.409	134.42	-3.1387
-53.791	143.3	2.8987
-51.693	138.27	-3.0327
71.181	-5.6315	-3.1009
-77.691	177.12	-3.0942
-131.43	127.91	3.0613
-104.05	125.24	-3.1274
-104.38	135.52	3.0763
-102.52	127.02	-3.1312
-127.55	-58.521	3.1321
-60.226	153.68	3.1142
-130.45	70.158	3.1205
-62.94	149.13	3.1299
-45.852	131.49	3.1248
61.762	7.449	-2.9434
-59.952	136.29	3.0407
-126.27	143.42	2.9667
-101.03	113.53	-3.0774
-116.03	127.8	3.0684
-140.13	155.76	3.0166
-72.335	129.24	3.1032
-59.418	-45.852	3.0952
-54.186	-56.431	3.1187
-49.892	-52.625	-2.9551
-71.711	-23.933	3.0272
-77.71	-57.331	-3.0742
-55.87	-39.295	3.1007
-93.295	-3.7894	3.0853
47.053	54.693	-3.0336
-95.746	139.16	3.0827
-108.75	140.34	3.0576
-122.7	122.87	-2.8164
-131.13	120.83	3.041
-71.822	132.95	3.0683
-124.61	122.95	-2.9893
-115.68	105.33	-3.0404
35.104	-125.48	3.0787
-158.91	169.93	3.1259
-101.56	-174.89	3.1068
-57.621	-38.76	3.1062
-69.577	-46.311	2.9908
-54.741	-39.679	3.0332
-56.737	-64.158	3.135
-48.806	-47.577	-3.1383
-66.307	-43.101	3.1368
-66.062	-44.207	3.0228
-59.655	-39.552	3.0419
-56.966	-43.604	3.0221
-61.378	-30.785	3.0744
-71.274	-45.514	3.069
-54.341	-41.939	-3.1414
-72.473	-9.142	-3.1212
75.166	31.935	-2.9934
-99.23	-19.999	3.075
-137.11	141.96	-3.1159
-154.18	122.98	-3.1261
-69.871	134.28	2.9632
-74.836	99.353	-3.1032
-110.65	143.7	2.8551
-106.26	133.3	-3.1175
-103.75	114.36	3.14
-123.25	170.72	-3.1387
-77.157	143.49	3.1014
-55.597	-40.445	3.0562
-56.758	1.7592	-3.0258
-107.82	-5.9503	-3.0805
-45.016	-48.601	3.0184
-48.058	-38.515	3.1219
-69.252	-42.957	3.0877
-57.409	-46.047	3.0824
-57.733	-39.389	3.0412
-63.93	-45.852	3.1093
-61.037	-40.417	-3.0341
-66.7	-61.681	-3.113
-44.953	-48.246	3.0434
-64.455	1.0048	3.1301
64.893	19.121	-2.9945
-84.718	-6.4624	-3.0324
-87.728	127.39	3.1193
-101.28	99.777	-2.9908
84.129	-117.63	-2.86
-139.29	143.44	2.9711
-107.3	129.21	2.9767
-109.8	152.22	3.0869
-112.58	123.8	2.9205
-76.718	123.42	3.1395
-83.283	-8.0202	3.0233
-74.275	-30.148	-3.1135
