-101.37	139.36	-3.1406
-101.04	129.87	3.1382
-111.99	150.96	-3.1361
-154.25	117.15	-3.1375
-68.897	-31.636	-3.1326
-42.653	-67.246	3.1394
-61.309	-37.414	-3.1391
-59.092	-37.481	-3.1388
-62.54	-42.888	3.1409
-74.61	-30.862	-3.1388
-56.323	-45.356	3.1214
-62.658	-45.12	-3.1252
-62.86	-34.288	-3.1102
-93.818	5.6686	-3.1325
-140	-66.11	-3.1157
-66.113	-30.358	-3.1341
-56.389	-35.669	-3.1244
-56.879	-37.446	-3.131
-111.71	-42.858	-3.1271
-97.45	155.83	3.1073
-120.24	139.92	-3.1316
-67.15	-39.112	-3.1278
-54.228	142.25	3.1377
-76.196	131.31	-3.1352
75.466	25.633	-3.1371
-53.51	171.84	-3.136
-55.747	-18.765	-3.139
54.067	52.051	-3.1212
-60.99	-85.883	-3.1268
-67.662	-47.874	-3.1302
-141.45	174.41	3.1334
-62.391	156.03	-3.1249
-102.64	130.33	-3.136
-80.496	-117.95	-3.1403
73.228	88.995	3.1173
99.076	3.4262	-3.1413
-80.377	-11.238	-3.1396
-51.731	-27.891	-3.1371
-110.81	30.327	-3.1399
-132.26	170.97	3.1364
-89.162	152.47	-3.1394
-61.4	131.6	3.1231
104.73	-0.69418	-3.1381
-101.64	118.35	3.1379
-141.46	164.18	-3.1335
-99.061	-51.536	-3.1307
-78.283	-69.353	-3.1329
-112.42	125.19	3.1139
-72.694	150.44	-3.1292
-62.994	174.39	-3.1401
-60.511	147.09	-3.1327
-49.997	-37.745	3.1398
-62.343	-52.415	3.1295
-61.226	-42.679	-3.1367
-61.313	-36.348	3.1309
-56.143	-42.608	3.1248
-96.867	128.56	-3.1336
-134.65	127.87	-3.1408
-133.78	137.92	3.1259
-55.7	143.89	-3.1356
-99.823	144.62	3.1389
-152.35	160.74	-3.1371
-56.985	-39.347	3.1291
-71.923	-45.141	-3.1371
-64.28	-43.213	-3.1382
-62.427	-34.407	-3.1399
-57.223	-42.763	3.1381
-66.272	-38.934	3.1411
-63.537	-43.634	-3.133
-52.944	-42.227	3.1319
-51.349	-39.704	3.13
-139.66	120.29	-3.1379
-51.11	-4.6027	3.1411
-160.13	80.921	3.1305
-94.963	-78.759	3.1264
-71.876	-14.41	-3.1256
-117.94	67.926	-3.141
-57.435	-31.51	3.1223
-56.697	-24.739	3.14
-68.954	142.89	-3.1321
-77.079	164.31	3.1342
-129.19	154.96	-3.1406
-179.34	24.398	3.1319
-101.02	144.5	-3.1254
-52.93	-50.838	3.1368
153.44	84.521	3.1326
-78.961	25.823	-3.1352
-54.009	-30.21	3.1415
-59.941	121.4	-3.1347
-64.957	-30.924	-3.1277
-57.032	-46.855	3.1379
-70.034	-49.438	-3.1355
-59.114	-39.932	-3.1242
-63.214	-55.188	-3.1357
-64.56	-38.737	-3.1376
-52.154	-63.311	-3.1239
-62.522	-30.039	3.1345
-53.085	-40.713	3.1312
-74.955	-45.939	-3.1396
-60.292	-45.832	3.1314
-61.638	-37.952	3.1369
-59.131	-41.527	3.1373
-70.06	-49.991	3.1244
-62.737	-31.225	-3.1388
