-86.119	126.67	-3.1414
-96.98	132.6	-3.1358
-108.77	124.16	3.133
-117.72	119.87	3.1338
-97.587	153.8	3.112
-158.99	133.05	-0.0046969
-81.29	174.29	3.1263
-70.095	-37.137	3.0894
-156.44	163.23	3.1285
-156.73	146.01	3.1063
-108.18	125.15	-3.0797
-129.02	155.54	3.1252
-97.863	152.49	3.1324
-55.716	146.09	3.1298
81.958	-19.165	-3.1194
-85.348	-179.82	-3.0972
-107.43	128.03	3.0934
-102.35	130.81	-3.1382
-123.07	116.47	-3.1207
-113.73	133.44	-3.1364
-104.53	155.82	3.1322
-158.01	125.02	3.1337
-126.73	140.31	3.1215
-99.001	148.05	-3.1385
-63.52	-22.717	3.0821
-145.13	-67.495	-3.1333
-89.982	-0.69684	-3.141
62.559	16.547	3.119
-94.628	137.58	3.1168
-90.712	128.13	-3.119
-86.928	68.564	-3.0954
-131.54	135.12	3.1333
-126.17	155.91	3.1285
-124.28	132.89	3.1263
-118.23	151.84	3.0881
-120.23	122.02	3.1126
-118.22	93.426	3.1304
-65.755	156.03	-3.1363
-47.008	121.74	3.1293
66.051	21.192	-3.1327
-125.94	162.13	3.1379
-70.965	160.31	3.1315
-63.796	151.59	3.1288
-133.64	120.37	3.139
-65.291	120.86	3.1324
-101.71	-42.814	-3.083
-145.57	139.88	3.0947
-131.25	173.39	-3.1073
57.072	30.556	3.1316
64.988	-24.611	-3.1261
-146.76	-1.2004	-3.1379
-87.833	120.74	-3.1323
-79.145	146.15	3.0873
-74.169	156.54	3.1223
-59.68	141.08	-3.1351
91.016	-19.393	3.1246
-74.332	123.65	-3.1392
-66.993	157.76	-3.1301
-64.584	-15.777	-3.1386
-67.208	-23.303	3.0875
-91.79	113.73	-3.1138
-128.32	120.88	3.1303
-94.714	149.37	-3.1336
-159.09	177.87	-3.1318
103.39	173.67	3.1413
-161.21	152.56	3.1135
70.015	-77.898	-3.1098
-130.33	-18.101	-3.1145
-108.6	124.78	3.1298
-136.86	150.96	-3.1096
-145.8	129.8	3.0804
-103.18	130.25	-3.1257
-125.28	121.26	3.1351
-110.66	111.93	3.1359
-92.26	164.95	-3.1394
42.249	61.713	3.1256
-45.338	132.87	3.1137
-125.4	154.65	-3.1228
-46.056	-46.909	-3.1261
-60.534	-5.0875	-3.1081
-90.249	-8.4096	3.1171
-63.226	125.3	-3.1154
-179.49	175.73	3.0792
-107.08	132.01	-3.1148
-106.39	133.04	-3.1414
-122.67	143.68	3.0718
-109.65	152.94	-3.1242
-149.23	129.65	3.0968
-90.643	131.04	3.1008
-123.77	32.786	-3.1398
-76.909	-46.264	3.1275
-138.07	153.11	3.1362
-80.681	134.46	0.00082683
-82.271	146.64	3.1332
-71.429	125.83	-3.1101
-105.87	143.17	3.0998
-99.946	163.54	3.0898
-96.804	176.57	-3.1169
-74.141	-5.175	3.1393
94.921	160.04	3.1155
-136.61	112.71	-3.1128
-80.972	119.2	3.1249
-108.51	124.15	3.1354
-124.45	157.71	3.1023
-89.785	138.28	3.1407
