-60.84	120.3	3.1002
-74.953	158.96	3.0383
-58.654	-37.292	3.11
-60.176	-46.53	3.0918
-66.478	-35.65	3.1161
-66.199	-34.258	3.0678
-60.122	-47.112	-3.0554
-65.215	-41.179	-3.1042
-67.242	-37.458	-3.101
-80.725	-27.612	-2.8776
-127.19	-12.916	-3.0569
-100.58	132.86	2.9128
-138.99	82.414	-3.1379
-77.005	-5.9776	-3.0482
-80.545	-10.448	-3.0709
-139.28	150.12	-3.1013
-83.014	-17.666	-3.12
-169.34	167.35	3.0136
-68.354	124.66	-3.0928
-89.088	-24.628	-3.093
-134.38	163.38	-3.112
-67.884	-13.068	3.1164
-93.835	3.9423	-3.0734
-55.136	-48.558	-3.0945
-66.285	-38.556	3.087
-61.278	-40.118	-3.0963
-73.207	-42.877	-3.0023
-77.443	-33.963	3.0912
-63.374	-36.373	3.0618
-72.053	-44.922	-2.9696
-75.324	-25.001	2.988
-85.942	7.8308	3.0321
71.072	35.914	-3.0083
-102.09	5.6194	3.1337
-123.97	17.144	-3.1252
-79.323	-38.418	-3.0678
-86.14	-32.92	-2.9969
-167.85	168.27	2.9354
-78.316	112.25	3.1077
-67.093	126.25	-2.9609
-65.118	-36.953	-3.0781
-145.65	136.11	3.1021
-151.62	128.13	-3.1388
-103.12	133.87	2.9897
-103.56	141.77	-3.1049
-115.52	126.92	-3.0711
-104.1	61.007	-3.1262
-138.81	165.83	3.1087
-68.589	156.78	3.0823
-58.217	-42.662	-3.0789
-62.541	-36.014	-3.1089
-67.97	-34.774	3.0965
-75.927	-42.711	3.0861
-59.797	-30.644	-3.099
-67.464	-16.753	3.1368
-64.257	-23.004	3.128
-69.347	-5.8114	3.0292
-114.16	17.783	-3.1044
-104.83	-131.94	-2.8894
-81.562	119.74	-3.117
-79.428	128.96	3.0973
-136.11	165.83	2.9787
-72.936	139.74	2.9801
-69.978	158.25	3.0369
-56.281	-26.621	-3.1348
-96.838	13.511	3.0223
92.805	-12.524	3.0128
-55.846	154.59	-3.0976
-107.23	6.802	-3.0873
-102.76	37.499	3.0414
-107.65	151.52	-3.0686
-136.97	139.18	-3.1245
-109.09	136.8	3.1002
-67.01	141.93	3.1284
-69.042	-31.764	-3.1027
-107.87	160.41	2.9075
-71.502	158.74	3.1357
-134.02	152.4	3.0077
-74.688	119.95	-3.1078
-133.65	159.33	3.0512
-122.75	121.56	3.0565
-89.884	122.74	3.0401
-112.32	121.58	3.0986
-146.3	150.43	-3.1092
-55.235	143.87	3.0364
-91.053	-179.91	3.0394
-61.614	-33.944	3.1281
-66.338	-33.773	-2.9742
-51.718	126.35	-3.1195
-155.25	109.03	-3.0781
-50.268	140.78	-0.051462
-86.002	15.811	3.0727
-98.336	82.333	-3.0409
-76.714	149.99	3.1261
-144.78	133.11	-3.0769
-128.63	149.63	3.0327
-98.64	141.43	-3.1405
-107.59	123.88	3.1166
-128.02	122.67	3.0506
-87.813	137.11	-3.114
-152.44	164.7	3.0333
-122.67	104.4	-2.9788
-145.39	162.06	2.9772
-75.126	149.72	3.0964
-110.92	149.9	3.0463
-124.29	121.58	-3.119
-126.46	157.26	2.9364
-94.76	138.59	3.1252
-122.18	150.1	3.1143
-159.73	156.32	2.822
116.18	175.82	2.9191
-125.7	95.74	0.14089
-78.985	161.49	-3.0366
-85.44	100.9	-2.8984
-139.45	165.26	-3.1128
-67.915	138.9	3.1226
-129.59	-0.80068	3.0726
-163.4	139.06	3.0358
-93.442	120.46	-3.0362
-92.574	-44.868	-2.9887
-174.62	161.56	2.937
-119.37	145.46	-3.0851
