-90.17	136.2	3.1228
66.51	31.002	3.1005
-88.535	176.46	2.9419
-126.04	158.21	3.1073
-68.399	125.93	3.0737
-67.248	144.49	2.8935
-62.347	146.66	-3.0827
-51.174	-32.089	-3.0607
-115.51	18.927	-3.1346
-74.122	-39.247	-2.9505
-130.83	65.438	-3.0002
-68.799	-8.5336	3.049
-88.41	-10.245	3.1052
-66.962	132.85	3.0403
-122.13	159.92	2.9754
-104.19	121.47	3.0671
-95.528	122.98	-2.981
-127.56	153.87	3.0394
-122.28	153.32	-3.1324
-76.258	6.8262	-3.0895
-127.84	-179.65	3.1001
-120.33	142.49	-3.1187
-121.65	130.97	3.0171
-63.55	130.62	3.0669
-120.72	-31.135	-3.0594
-155.75	165.07	2.9386
-93.478	-179.6	3.0579
-168.14	175.48	3.129
-127.46	126.81	3.0665
-72.048	120.84	3.1337
-113.91	-21.029	2.9122
-137.45	165.81	3.1037
-57.979	-22.095	3.117
-125.72	22.02	3.085
-138.33	135.53	3.0678
-119.77	136.74	3.035
-98.689	126.12	3.1282
-140.91	-171.32	3.0715
-88.331	139.97	3.0433
-54.153	-42.516	-3.0478
-64.799	-21.761	3.1228
-67.443	-24.373	-3.0871
-116.64	23.416	3.075
-65.692	-37.098	-3.0842
-76.033	146.83	-3.0797
-81.217	56.695	-3.0008
-101.6	168.29	2.9645
-90.248	119.81	-3.0515
-110.73	161.76	3.0709
-113.35	138.32	2.9787
-115.46	121.8	3.0351
-104.77	159.59	-3.0887
62.796	29.931	3.1345
-94.301	132.96	3.0247
-120.7	-48.062	3.1412
-116.19	118.84	-3.0673
-62.364	-23.172	-2.9229
-115.22	4.8309	-3.1249
-139.2	148.21	3.0458
-66.561	116.65	3.07
-86.07	-19.567	-3.0604
76.693	10.741	-3.0526
-130.34	-4.3614	-3.0095
-73.556	145.27	2.8383
-125.73	131.5	-3.084
-109.63	128.98	-3.0242
-141.98	135.76	-3.1299
-72.453	156.25	3.0403
-94.022	120.33	-3.0358
-91.513	-34.754	-3.0852
-150.72	140.22	3.1171
-119.57	121.02	3.0718
-115.87	103.98	3.0884
-86.554	147.74	3.0335
-55.08	127.95	-3.0778
-60.223	-18.05	3.0949
-92.387	-4.0922	3.1166
-59.463	134.47	3.0643
-131.79	114.04	-3.0612
-55.303	-31.594	-3.1139
-90.01	11.629	-3.074
-147.87	64.057	-3.1326
-61.835	-23.928	-3.0819
96.614	-157.09	3.1406
66.819	21.964	-3.0956
-82.101	74.96	-3.0544
-155.68	143.74	3.1372
-149.86	152.18	3.0544
-114.65	137.59	-3.1295
-115.33	120.22	3.0423
-87.858	126.65	-3.0572
-83.615	151.22	-3.1069
-70.27	-23.69	3.0642
-137.06	154.99	3.023
-82.212	124.2	3.1085
-72.424	157.6	3.1272
-92.386	129.58	-3.1368
-85.017	142.94	3.1111
-163.63	-166.92	-3.0619
-65.784	-16.769	-3.1375
-101.72	-8.8917	-3.0052
-139.8	105.16	-3.1085
-140.64	158.43	3.0473
-75.118	138.66	3.0479
-72.537	137.28	3.076
-83.582	129.62	3.1376
-102.24	150.4	3.1388
-71.49	161.84	2.9901
-63.877	144.34	3.1094
-50.216	133.92	3.0596
88.41	-7.6635	-3.0764
-62.606	126.03	3.0545
-118.56	129.07	-3.1224
-79.378	140.44	3.0257
-59.525	149.38	3.0517
-50.582	143.21	3.0895
65.099	27.117	3.0707
-69.914	140.47	-3.1014
-70.616	122.69	3.1113
-141.76	156.03	2.9582
-121.68	134.32	2.8636
-89.336	143.44	3.0275
-128.35	151.71	3.0615
164.81	173.09	3.1017
-103.14	17.088	-3.0701
-65.886	172.93	3.1184
-46.548	138.63	-3.1407
-92.607	-7.7408	2.9596
58.066	26.349	3.1043
-96.177	-142.44	3.1415
-130.8	160.51	3.096
-57.067	148.09	2.9192
-68.124	149.48	2.9364
-79.757	-48.704	-3.0981
-99.502	146.75	3.1172
-54.507	129.64	-3.1367
-108.48	154.51	3.0059
-131.3	148.12	2.9967
-139.29	141.9	3.1305
-78.412	117.18	-3.09
-132.13	93.37	-3.1346
-68.249	148.47	-3.105
-66.866	155.39	2.9992
-122.9	115.04	-3.0063
-65.321	167.15	-3.0498
-55.899	-45.522	-3.1296
-54.449	-47.639	-3.1406
-74.691	-45.084	-3.0113
-64.5	-32.872	-3.1136
-93.224	5.1429	3.0628
-71.43	-16.769	3.0049
-92.005	-118.05	-3.0817
-97.188	-9.133	-3.0878
53.794	-139.98	-3.0618
-65.755	-14.52	-3.0882
-64.731	-37.239	3.1017
-85.171	136.9	3.133
-113.63	163.68	3.092
-66.922	-13.944	3.0587
-82.798	9.3408	3.1213
-122.76	160.28	2.9643
-116.67	132.59	2.9853
-101.43	144.91	3.0414
-150.54	142.7	3.0992
93.433	-126.88	-3.0837
79.967	16.932	-3.0992
-82.213	-5.5433	-3.1197
83.104	0.94759	-3.0795
-118.79	140.91	-3.0247
-170.26	161.51	2.7904
-72.803	165.79	3.1281
-157.96	171.13	-3.09
-43.439	127.51	-3.1154
100.58	-14.031	3.0019
-86.335	-21.842	-3.1302
-47.541	140.87	3.1371
88.165	-22.483	3.1356
-76.043	177.65	-3.0975
-83.059	150.83	2.685
-108.73	115.62	-3.1185
-95.418	124.58	-3.1137
-124.7	137.12	-3.1023
-84.395	115.98	-3.1285
-134.25	123.71	-3.0914
50.143	43.249	3.0819
81.626	-4.5653	-3.0512
-123.25	134.61	3.0148
-76.041	135.53	2.9867
-131.92	156.74	-3.114
-88.552	100.91	-3.1048
-88.734	-19.956	-3.0605
-136.33	151.02	2.9233
-113.84	117.85	-3.029
-57.122	124.15	-3.0507
-115.31	-55.832	-3.1086
-154.31	162.31	2.9806
-134.3	179.81	-3.1123
-63.01	-24.443	3.13
-72.369	-27.917	-3.1402
163.24	172.31	-3.102
-77.273	-63.181	-3.1289
-90.718	128.31	-3.0941
-60.777	133.39	-3.1121
67.128	16.503	2.917
-123.32	71.99	-3.1229
-61.284	155.69	3.0524
-62.586	139.38	-3.1012
-111.45	134.86	-3.0741
-124.74	146.75	2.923
-64.484	131.86	-3.1131
-79.831	105.41	-3.0598
-54.069	-39.964	-3.0487
-67.076	-13	3.0333
-79.443	-14.227	-2.9765
-118.28	11.303	-3.0447
-57.037	-47.95	3.1219
-62.913	-41.94	3.0968
-58.793	-51.54	3.0723
-52.217	-51.952	-3.1224
-61.346	-40.725	3.095
-61.78	-42.592	3.123
-65.999	-47.008	-3.0824
-64.233	-38.555	-3.124
-70.422	-29.005	-3.122
-96.369	0.38711	-3.084
