-102.86	119.88	-3.0603
-64.647	-29.173	-3.0976
-79.248	-23.61	3.0523
-86.683	-21.17	3.0852
-67.512	-35.234	3.1119
-59.531	-42.288	-3.0164
-69.182	-33.02	2.9976
-65.634	-44.806	-3.0933
-63.766	-41.434	3.1074
-72.178	-30.226	-3.0928
-83.029	-35.265	-2.9354
-107.87	-22.063	-2.9772
-115.41	-34.247	-2.8854
-63.242	-10.936	-3.1332
-76.439	-16.501	-3.1206
-117.22	-9.6218	-3.0232
-137.54	157.21	2.8292
-121.61	162.13	-3.0816
-115.05	-20.948	-2.8521
-76.771	164.35	3.0934
-67.391	115.87	-3.089
82.506	5.3359	-3.0986
-69.081	168.7	-3.0286
-88.364	158.56	2.8311
-73.828	138.51	3.0525
-111.9	-128.78	3.0252
-64.692	-36.641	3.0266
-112.96	167.49	-3.1371
-56.452	148.53	2.9318
-74.114	145.3	-2.8942
-108.85	11.348	3.0189
-58.4	130.81	3.1331
91.208	-2.4933	-3.0354
-46.551	-43.825	-2.843
-81.096	131.29	-3.0703
96.173	-10.306	3.1372
-109.59	156.16	3.1166
-68.156	157.09	2.9786
-46.695	135.48	2.8426
80.088	29.648	-3.0167
-123.29	13.377	3.0986
-72.644	133.81	-2.9995
-71.316	139.83	2.9727
79.935	6.6415	3.0358
-107.41	134.63	2.9825
-86.249	102.25	3.0882
-81.497	168.42	2.88
-76.209	166.53	3.0449
-63.931	-38.847	3.0243
-47.508	-57.573	-3.0618
-68.509	-36.259	3.115
-71.091	-26.824	-3.0639
-92.515	-14.925	-2.8784
-53.595	-38.984	2.8156
95.302	-6.6343	-3.101
-91.792	165.98	3.1357
-99.327	138.05	3.0892
-74.892	134.78	3.0589
-156.27	179.3	-2.9198
-54.741	-41.713	3.1258
-62.627	-57.319	-3.0987
-67.975	-29.122	-3.0947
-77.21	-26.101	3.0164
-71.083	-33.046	-3.1243
-77.792	-40.555	3.0825
-61.575	-49.412	-2.9699
-67.989	-15.689	3.0675
-70.777	-36.717	-3.0472
-159.24	77.04	-2.9621
-54.171	-37.137	-3.0742
-76.608	-22.114	3.1197
-92.718	-17.885	2.9959
-80.018	-37.233	3.1363
-131.08	83.304	-2.9917
-66.748	132.19	-3.0524
110.08	-17.023	-2.9213
-65.387	148.55	3.0648
-97.298	19.378	2.9456
-93.685	98.93	-2.9719
-96.141	96.802	-3.0672
-159.57	131.38	-2.8852
-69.442	-28.739	-3.0815
120.38	153.03	-3.1222
-105.69	102.56	-2.7697
-86.279	-20.227	2.9584
-78.25	127.07	-2.9697
-65.363	-37.334	-3.0936
-69.025	-35.166	3.0657
-72.041	-31.336	-3.1396
-69.691	-48.169	2.9819
-48.223	-47.132	-3.0132
-69.298	-36.477	-3.0843
-71.189	-36.577	2.9832
-62.261	-36.336	-3.0999
-76.096	-25.244	3.0701
-75.171	-42.555	3.0697
-54.492	-43.705	-3.1382
-64.694	-38.038	-3.1325
-70.06	-35.874	-2.8906
-100.7	-7.4685	-3.1098
-112.5	19.637	2.4949
