-87.765	121.33	-3.1189
-113.2	159.24	3.1106
-157.4	154.07	3.0633
-143.97	118.99	-3.0534
-149.95	174.38	3.1182
-116.04	121.36	-3.0451
-105.27	142	3.0234
-108.85	91.821	-3.0832
-97.118	102.18	3.1314
-85.852	-10.35	-3.0873
-117.86	108.07	3.1169
-67.15	112.87	3.0808
-118.79	83.589	-3.0387
-66.531	-21.654	3.1315
-51.233	-64.807	3.095
-80.866	55.493	3.1018
50.268	29.793	3.0581
-89.08	135.49	-3.0845
-62.27	-179.51	-3.0901
-82.215	3.0551	-3.0951
-156.73	151.95	3.1097
-55.096	126.28	-3.0077
-148.91	-179.12	3.0834
-123.43	131.87	-3.1083
-146.53	156.8	-3.1347
-96.698	114.54	-3.1322
-98.423	124.27	3.1041
-113.09	102.5	-3.1088
54.99	-1.2881	-3.0992
-138.65	145.35	3.1099
-71.195	-37.577	3.1228
-62.612	76.315	-3.1344
-29.126	143.54	3.0775
-80.283	-26.215	3.0902
-144.36	162.09	-3.1264
-154.91	169.79	-3.1289
-159.4	123.5	3.0941
-42.998	138.7	-3.0853
-141.6	107.1	3.1119
-82.762	96.31	-3.1282
-62.041	155.23	-3.1168
-127.12	100.59	-3.1327
-62.166	125.6	3.1047
82.259	-1.6877	-3.0584
-105.78	150.19	3.1005
-80.245	129.04	3.1076
-114.19	179.76	-3.1276
-160.51	132.69	-3.0875
-126.15	142.29	-3.0705
-131.49	142.64	3.1191
-128.51	149.61	3.1042
-151.41	151.21	3.1321
-168.23	135.64	3.1125
-114.01	137.76	2.9909
-57.75	-30.628	-3.0998
-74.681	-60.61	-3.0882
-73.527	-34.764	3.1034
62.071	58.416	-3.1275
-137.81	137.76	-3.1267
-103.02	101.01	-3.1374
-119.32	143.55	3.106
-146.45	153.23	-3.1023
-148.93	122.9	3.1254
-101.07	156.41	3.1354
-171.84	162.51	2.9753
-135	160.59	-3.1296
-59.562	155.5	3.0997
55.6	-14.74	-3.0887
-97.534	150.97	3.1168
-74.223	146.73	-3.0542
-98.715	177.76	3.1071
-121.9	148.2	-3.1216
-135.83	140.53	3.1092
-159.8	140.55	-3.1129
-143.48	151.15	3.1206
-135.82	131.12	-3.12
-83.368	115.88	-3.0779
-152.78	114.65	3.0971
-46.62	-58.055	3.0865
90.542	-12.177	-3.074
-83.307	-13.973	-3.1169
-100.13	-14.926	3.1358
-86.605	-66.032	-3.139
-94.319	155.08	3.1113
-67.387	161.84	3.0964
-54.549	-48.481	-3.1283
-105.63	128.03	3.1325
-141.67	-177.07	3.1116
-126.78	152.92	-3.115
-119.5	144.55	3.1272
-164.98	-168.41	-3.1354
-150.16	159.08	-3.1385
-171.44	178.84	3.1397
-178.28	145.79	-3.0953
-120.7	168.92	3.092
-150.59	145.77	-3.0564
-152.07	-59.277	-3.1208
-87.817	-40.088	3.0487
-118.84	-174.87	-3.0965
-128.22	173.4	3.1018
168.71	152.08	3.0512
-76.461	150.6	-3.1057
-142.67	84.669	-2.8964
-126.52	140.06	-3.0988
-132.12	128.04	-3.058
-99.551	-24.779	-3.0814
-136.82	151.63	-3.1212
-147.53	110.32	3.1148
-116.12	135.73	-3.0995
-148.73	128.18	3.1098
-141.81	140.61	3.0353
-144.83	140.89	3.1361
-128.01	147.37	3.0158
-125.92	134.16	-3.0153
-132.46	-154.99	-3.0926
81.532	-120.73	-3.1123
39.343	15.112	3.1358
30.034	5.608	3.0882
-74.497	-22.66	-3.1273
59.634	55.82	3.0841
-113.98	-62.392	-3.0781
79.745	150.4	-3.0742
-133.94	124.83	-3.0031
-137.57	166	3.0258
-155.93	126.05	3.1135
-137.06	171.51	-3.0966
166.57	147.67	-3.1157
-139.8	148.32	3.0805
-128.18	167.21	-3.115
-169.75	-34.274	3.0831
-111.97	88.057	-3.1152
-78.523	86.603	3.1053
-69.246	171.15	3.1022
-82.316	127.92	-3.102
77.922	74.161	3.139
-61.629	-64.802	3.1213
96.265	-37.743	3.0872
-97.938	-3.2796	3.128
-98.415	145.5	-3.1217
-122.63	86.676	-3.0905
-93.576	137.33	3.1351
-146.52	127.43	3.1392
90.564	-156.75	-3.127
-54.719	-1.8008	3.1246
-59.501	134.48	3.1296
-139.1	162.34	-3.1047
-148.93	129.77	3.1333
105.7	82.558	3.1316
-142.74	-45.113	3.138
-162.27	30.707	3.0786
74.38	35.673	3.133
-133.08	168.79	3.1136
-116.62	114.72	-3.1353
-108.43	122.33	-3.0393
-89.518	-29.311	-3.0853
-104.46	164.09	3.1235
-69.563	126.76	3.0876
-142.48	138.81	-3.1062
-80.773	166.32	-3.1196
-44.017	-56.728	-3.1221
-63.74	-53.515	-3.1366
145.74	53.419	-3.1362
-115.88	77.792	-3.1287
-48.452	145.61	3.1405
-97.009	173.12	-3.1246
-122.09	-1.0869	-3.0774
-103.46	14.315	-3.0589
-99.603	173.71	3.1107
-155.98	121.29	-3.1109
-115.66	130.47	3.1115
-132.02	127.35	3.1273
-131.17	125.46	-3.1387
-132.58	149.03	3.1208
-66.157	131.95	3.1087
-56.284	-36.773	-3.1036
-89.368	129.73	3.0952
-66.262	178.86	3.0896
-134.98	168.67	3.1395
-135.96	117.36	-3.1365
-125.92	39.074	3.128
-125.63	-130.84	3.0906
101.71	120.48	3.1273
-46.765	-55.251	-3.1316
-80.221	24.228	-3.0987
-75.702	110.89	3.1301
-135.6	19.076	3.0904
178.42	121.61	-3.0908
-136.48	121.74	-3.09
-132.44	144.51	3.0701
-154.82	137.13	3.1382
-130.3	126.57	3.1096
-123.3	134.69	-3.0992
-148.29	112.01	3.1043
-127.14	160.06	-3.1159
-92.28	155.44	3.1217
-146.96	136.5	3.1094
-120.65	99.654	-3.1229
-107.98	101.77	3.1145
-80.82	-133.19	3.1009
117.84	112.73	3.1001
-66.145	-59.233	3.114
-54.361	140.99	-3.1104
-76.379	0.80771	3.1096
-129.6	73.667	-3.1241
-57.777	157.3	-3.1342
-168.39	152.18	0.15387
-118.86	-9.8891	-3.1176
143.65	178.19	3.1334
-147.05	159.45	-3.0802
-151.5	-154.23	3.1058
-168.25	139.69	-3.1139
-162.48	165.68	3.0158
-111.26	169.19	-3.1282
179.56	-176.84	3.1164
-56.098	-179.51	3.0986
-94.271	-38.653	3.0885
-89.154	32.849	3.1317
-68.105	137.19	3.1329
-135.09	154.65	-3.116
-60.487	144.17	3.0551
-62.835	160.53	-3.0627
-85.378	-49.076	3.1382
-116.05	36.171	-3.1113
-89.042	43.041	-3.1198
-99.581	137.09	3.1111
86.608	-111.3	-3.1201
-68.531	-74.143	3.0778
-8.6805	-52.066	3.0119
103.9	-9.5335	-3.1236
76.178	22.118	3.1156
-136.12	-32.772	3.0795
-92.523	122.19	-3.0308
-62.626	14.035	3.1396
118.99	-88.439	-3.1245
-50.569	96.735	3.1231
