-70.475	119.8	3.1144
-104.76	-13.062	-3.1301
-168.03	141.67	3.0995
-126.79	120.18	-3.0848
-131.91	145.65	3.1107
-132.28	149.34	3.0901
-140.91	163.08	3.1191
-96.568	131.5	3.115
-136.2	175.87	-3.1183
-108.31	145.7	3.1148
-90.577	164	-3.0958
-52.265	-12.06	3.1366
-105.8	1.3508	-3.117
87.896	17.864	-3.1326
-106.15	146.74	3.0788
-59.15	154.27	-3.141
-161.21	166.23	-3.0691
-96.823	131.75	3.0947
-117.62	125.11	3.1089
-112.87	146.71	3.0535
-124.94	128.5	3.09
-111.77	124.64	3.122
-106.92	141.23	3.1369
-148.8	172.41	-3.1342
-67.178	-2.7637	3.1265
-99.337	-15.973	3.1298
142.37	-167.67	3.1349
-100.41	122.75	-3.1052
-107.61	130.87	-3.068
-119.52	158.89	3.0665
-144.83	151.25	3.1255
-131.26	130.06	-3.1102
-90.616	133.62	3.1075
-71.606	154.05	-3.1293
-82.092	122.61	3.123
-99.962	-155.53	-3.1331
-100.13	139.52	3.1285
-109.34	-4.232	3.0852
-127.89	120.1	-3.0763
-92.054	115.95	3.0934
-60.755	-94.474	3.1194
-143.44	49.912	-3.0947
-143.24	153.43	3.1362
-61.558	137.7	-3.1139
-102.58	137.45	3.1206
-97.932	133.42	-3.1393
-102.57	114.98	3.1196
-111.31	132.54	3.1043
-47.806	-26.466	-3.1012
63.546	8.878	3.1185
-83.309	97.423	-3.0977
-52.957	-25.67	3.1209
-80.933	4.4595	-3.1295
-150.81	121.7	3.1407
50.835	30.817	3.1339
66.064	23.656	-3.1078
83.053	31.355	3.1412
-124.22	28.984	3.1003
-65.773	175.19	-3.1069
-140.84	22.91	3.0955
-56.533	-37.686	3.1329
-66.403	-57.241	3.0611
-44.764	-45.736	3.1159
-66.809	-30.383	3.1223
-73.563	-36.303	3.1155
-61.343	-39.632	-3.1113
-69.068	-58.988	-3.121
-58.156	-53.472	-3.1084
-83.372	-36.481	-3.128
-104.34	-56.704	-3.0883
-63.712	-52.62	-3.0475
-48.257	-60.984	-3.1253
-49.902	-57.006	3.1157
-57.213	-47.111	-3.0931
-65.032	-44.162	-3.1057
-61.923	-49.118	3.1253
-63.046	-36.141	-3.1342
-58.537	-25.949	-3.0884
52.323	54.508	-3.0956
-81.135	145.32	3.1056
-88.754	106.87	-3.1137
-52.647	-20.835	-3.1115
-69.248	-32.289	3.1165
-89.759	86.631	-3.041
-64.932	-40.704	-3.0913
-62.243	-38.505	-3.1198
-67.094	-40.266	3.1178
-59.173	-53.372	-3.0572
-64.17	-45.521	3.1106
-62.411	-43.459	3.0952
-52.993	-55.308	-3.1176
-58.826	-44.132	3.1401
-66.414	-40.202	-3.1163
-65.105	-38.117	3.1108
-61.148	-34.957	-3.1357
-80.971	-46.073	3.125
66.546	6.4267	-3.121
-110.49	172.07	-3.1263
-92.354	-12.497	-3.1115
-127.04	26.69	3.1252
52.595	32.363	3.1196
-78.971	-19.095	3.115
-63.95	-70.987	-3.1407
-79.819	-24.311	3.134
93.389	122.86	3.099
-50.48	-32.957	3.1204
-69.263	-39.113	3.095
-67.285	-44.491	-3.0948
-68.715	-45.575	3.0985
-61.888	-48.114	3.1357
-49.305	-43.851	-3.0981
-73.669	-39.184	3.0731
-56.175	-44.55	-3.101
-78.116	-34.773	3.1388
-63.415	-37.665	3.1218
-68.123	-37.024	3.1366
-68.899	-33.578	3.075
-63.421	-58.63	3.1093
-53.149	-36.443	3.1262
-68.686	-39.423	3.12
-65.875	-45.455	3.1333
-54.47	-49.956	-3.1336
-61.903	-42.251	3.1125
-80.065	-11.776	-3.109
59.939	43.971	3.1103
-131.13	157.54	3.1017
-68.846	152.99	-3.1242
-51.245	-52.811	-3.1195
-50.768	-36.777	3.1184
-71.756	-34.052	3.105
-67.738	-44.931	3.0693
-61.024	-34.291	3.1343
-73.518	-44.89	3.0466
-59.579	-55.1	3.1229
-54.021	-38.379	-3.0686
-95.281	-1.0898	-3.1319
53.479	50.165	3.0949
-89.632	154.57	3.0717
-64.089	148.82	-3.1155
-126.42	18.494	-3.0952
-150.04	99	-0.044782
-91.679	-170.19	3.1157
-91.936	157.56	3.1142
-115.83	129.61	3.1182
-95.799	134.08	-3.0763
-87.039	157.12	3.0206
-79.43	123.37	3.0555
-82.037	136.89	3.0879
-102.78	101.21	-3.0878
-95.366	123.08	3.0676
-72.406	126.85	-3.1328
-121.86	-32.525	-3.0952
-147.38	142.68	3.1391
-122.06	150.46	3.086
-139.66	-150.63	3.1123
67.132	-137.64	-3.1348
-69.612	1.6713	3.1273
-105.05	17.729	-3.1115
-175.11	172.04	3.1172
-87.233	-168.23	3.1224
82.414	165.09	-3.1262
-89.941	-0.77093	-3.0821
-63.874	114.36	3.1395
-78.569	-35.741	-3.0891
-66.204	135.9	-3.0487
-79.712	-50.162	-3.1051
-133.94	141.36	3.1396
-115.1	114.1	3.1414
-114.37	151.75	3.0532
-112.13	147.02	-3.1143
-132.29	103.48	-3.1392
-69.006	68.417	-3.0959
-67.04	-29.198	3.1156
-73.095	-5.5234	3.128
-75.633	161.82	3.1184
-109.01	-8.0967	3.1291
-141.9	165.93	3.1212
-71.284	-44.135	3.1357
-55.486	-44.147	3.0865
-63.411	-47.909	3.0994
-58.64	-42.355	3.1069
-65.915	-40.098	3.0797
-65.845	-48.13	3.1141
-57.257	-50.708	3.1292
-56.992	-43.263	3.1128
-65.716	-38.517	3.1346
-65.69	-42.603	3.1102
-63.9	-42.798	3.1108
-57.752	-53.144	3.1063
-59.322	-44.787	3.0599
-61.977	-42.339	3.1162
-59.635	-42.141	-3.1373
-60.537	-41.074	3.077
-63.226	-52.694	-3.1293
-60.321	-43.202	-3.0994
-59.117	-49.405	3.1362
-62.491	-36.963	3.1155
-64.152	-59.236	-3.0916
-80.26	-20.156	-3.1239
-121.07	-4.637	-3.1374
92.038	162.94	-3.1158
-50.924	-30.848	-3.1339
-73.794	-23.696	3.1362
-66.92	-20.406	3.1227
-73.289	-20.456	3.1382
-68.735	142.28	-3.1048
-97.866	158.88	3.097
-86.678	176.91	-3.1139
-45.65	-35.028	-3.0806
-102.04	-2.5831	-3.127
103.78	-1.6409	-3.1393
-89.215	167.4	3.1166
-83.32	160.35	-3.1121
-146.02	64.997	3.1042
-72.324	171.55	3.1354
-89.785	94.344	-3.1193
-107.73	148.16	-3.1174
-92.606	-42.092	-3.107
-133.85	164.36	3.1071
-60.866	-45.524	3.1363
-58.231	-42.525	3.112
-58.54	-47.934	3.132
-65.337	-43.515	-3.0912
-66.193	-39.643	-3.1374
-64.371	-35.101	-3.1382
-69.386	-37.464	3.1027
-70.914	-38.554	-3.1234
-70.728	-35.274	3.0872
-66.561	-41.661	-3.0967
-67.759	-35.586	3.1153
-66.731	-49.996	-3.1372
-59.069	-50.496	3.103
-62.954	-27.938	-3.1148
-79.505	-7.98	-3.0856
74.137	30.832	-3.07
-119.05	31.261	3.1256
-57.104	124.82	3.1413
91.041	-16.87	-3.1013
-93.401	-18.861	-3.0647
-120.79	124.45	3.0774
-102.37	170.86	3.1311
-119.49	142.97	3.1255
-123.98	140.02	-3.1279
-124.66	144.04	3.0656
-123.18	102.16	-3.1412
-80.517	-19.641	-3.0807
46.74	45.464	-3.1093
-59.168	-13.674	3.1147
-63.376	-30.891	3.137
-67.458	-29.331	-3.1203
-117.98	22.97	3.1412
-95.125	124.33	-3.1185
-153.43	124.86	3.0932
68.886	35.083	-3.1228
68.911	17.073	3.1149
-137.65	157.11	-3.1139
-109.97	121.11	-3.1116
-98.361	99.258	-3.1259
-75.663	-4.4332	3.1206
-122.77	38.281	-3.1219
-57.573	-4.6093	3.1276
-105.2	2.7714	3.1058
-1.6303	-84.638	-0.0061142
-101.66	20.763	3.1203
-124.75	48.125	-3.1151
-79.2	121.36	-3.1366
-62.024	111.57	-3.1269
-68.957	-6.4009	3.1374
-70.401	-27.583	-3.1307
-89.082	-5.3405	3.0786
-70.376	152.75	-3.112
-112.67	146.79	3.0628
-85.703	171.36	-3.1388
-48.658	-63.018	3.1127
-54.947	-32.097	3.1185
-80.241	-31.175	3.1006
-67.679	-46.088	3.1054
-49.203	-42.312	3.1307
-65.292	-40.217	3.0886
-70.08	-40.315	3.0881
-65.823	-41.337	-3.1267
-56.509	-40.554	3.0718
-55.788	-54.046	3.1076
-63.04	-42.936	3.1369
-62.237	-37.271	3.1211
-74.61	-37.738	3.1379
-81.678	-30.986	-3.0808
-125.33	156.32	-3.1311
-71.987	53.029	3.138
-78.288	124.72	3.1243
-114.88	-6.728	-3.1351
-146.21	133.21	3.0309
-128.8	122.39	3.1236
-101.97	131.25	-3.1172
43.298	56.634	-3.1234
-67.876	-28.353	3.1128
-124.28	163.81	-3.1034
-66.481	155.82	-3.0666
-53.58	-17.48	3.0907
-126.7	12.52	3.1373
-89.157	65.766	-3.0844
-51.898	-48.757	3.094
-61.951	-33.281	3.1226
-69.113	-41.596	3.0915
-54.872	-62.169	-3.1407
-50.256	-47.36	-3.0974
-59.975	-52.594	3.1265
-57.361	-51.844	-3.1051
-52.783	-27.816	3.1243
-63.964	-37.044	-3.1387
-117.1	12.91	-3.0558
-70.433	-59.754	-3.1226
77.533	6.5282	3.0972
-133.68	173.79	3.1386
-75.923	131.11	-3.1329
-116.84	116.58	-3.0449
-101.55	130.64	3.0943
-95.912	126.42	3.1081
-121.57	-76.338	3.1241
-68.474	-25.103	3.1185
-68.478	-34.857	-3.0393
-109.21	-22.929	-3.1275
35.185	47.803	3.1117
49.038	23.17	-3.1371
-98.152	116.17	3.115
-57.749	-33.904	3.0919
-64.337	-47.992	3.134
-64.629	-31.673	3.0967
-68.676	-49.342	3.1103
-56.537	-43.046	-3.1306
-64.043	-49.425	-3.1311
-50.259	-46.042	3.1073
-64.979	-53.536	-3.1406
-48.094	-46.681	3.1063
-83.956	-2.8921	-3.1119
49.642	51.24	-3.1409
-85.053	-29.91	-3.1066
-163.11	-169.95	3.1188
-145.99	20.489	3.0915
-151.7	144.88	3.1281
-109.65	134.37	3.0292
-89.332	114.55	-3.131
-95.02	120.98	3.0837
-122.05	100.08	-3.0808
-48.544	-40.606	-3.1154
-79.331	-1.0281	3.1062
-81.938	-24.992	-3.1337
-106.6	-21.102	3.118
79.071	1.3492	3.1121
-147.18	147.21	3.1255
-61.892	-50.895	3.0915
-50.137	-44.519	3.1216
-71.468	-31.114	3.088
-63.912	-44.499	3.1343
-68.71	-47.712	3.1037
-54.632	-45.29	-3.1281
-64.103	-31.814	3.1374
-73.009	-43.57	3.1416
-60.38	-43.162	3.1213
-66.557	-31.776	3.1283
-64.378	-49.893	-3.1155
-60.484	-44.393	3.1278
-60.343	-23.065	-3.1119
-97.497	6.5358	-3.0942
81.727	17.446	3.1023
-86.688	162.42	3.025
-98.759	168.17	3.0901
-132.3	116.52	3.0805
-98.032	110.03	3.1145
-74.359	141.54	-3.1112
-138.22	152.56	3.069
-82.653	175.27	3.1015
-118.74	164.59	3.0785
-57.66	-49.728	3.1034
-98.94	88.49	3.1063
-94.887	176.02	3.1321
-134.11	179.52	-3.1391
-76.824	-5.8763	3.1008
-72.586	130.95	-3.0869
-105.25	16.61	3.1248
-47.338	-45.301	-3.1044
-63.044	-18.077	3.1114
-69.504	-50.877	3.0692
-65.805	-37.342	3.1068
-64.263	-50.154	3.0777
-58.874	-35.185	3.1193
-74.311	-55.351	3.0784
-57.511	-34.64	-3.0988
-75.872	-16.395	-3.1227
59.063	41.357	-3.0715
-79.496	-32.365	3.1327
85.961	6.5924	-3.0898
-167.28	134.62	-3.1064
-140.64	144.4	3.1379
-121.25	103.78	-3.0941
-135.77	32.345	3.0987
94.694	173.22	3.1046
-73.215	165.62	3.0917
-86.178	64.103	3.1407
-166.12	138.78	-3.134
88.094	121.38	-3.0953
-67.743	-0.31289	3.0977
-82.507	-18.96	3.1106
-91.471	-55.685	3.1387
-62.9	-27.939	3.1084
-55.126	-37.578	-3.1125
-75.885	-43.276	3.095
-65.917	-37.796	3.1142
-66.983	-36.685	-3.1177
-69.314	-39.849	3.1105
-66.571	-28.947	3.1021
-62.361	-52.598	3.113
-60.452	-47.259	-3.1111
-63.826	-43.505	-3.1202
-54.224	-52.624	-3.1083
-59.307	-39.691	-3.1233
-72.671	-33.396	-3.1292
-77.379	-18.501	3.0996
59.758	-130.43	-3.0964
-80.373	-1.1793	-3.1384
-82.652	5.3454	-3.1278
-123.23	140.05	3.0757
-126.65	151.23	3.1354
-91.523	135.65	-3.1239
-61.873	-24.217	-3.1283
50.582	-116.05	-3.0825
-88.695	-6.8367	3.1406
-99.985	22.575	-3.1229
-52.817	-46.277	-3.0514
-47.836	-48.25	3.0893
-111.94	50.876	3.1273
-62.345	-21.161	-3.1139
-65.601	-26.762	-3.1179
-100.06	5.122	3.0922
