-72.619	-30.046	3.1413
-60.938	-32.559	-2.9841
-38.669	90.176	3.1354
-82.224	54.838	3.1156
-93.443	35.757	-3.0197
-123.91	138.3	-3.0788
-80.309	168.67	-3.0353
-75.14	143.9	-3.0475
-78.503	160.38	2.9913
-95.769	-166.67	3.1363
-103.65	-24.912	2.9577
-85.262	-19.588	2.9099
-54.667	-10.454	3.0021
-93.422	139.01	-2.8402
85.395	-19.255	-2.9976
-101.96	-57.715	2.9516
-104.03	136.55	-3.002
-134.16	159.83	-2.9357
-86.292	140.12	-3.0659
-58.84	129.6	3.1266
-46.839	-31.925	3.1342
-53.889	-52.927	3.1133
-68.958	-36.864	3.0402
-63.499	-46.853	3.0513
-52.94	-42.599	3.0794
-63.863	-35.047	-3.1075
-86.514	-43.745	3.0781
-46.836	-36.439	3.1251
-83.716	-44.141	-3.0998
-55.463	-30.289	3.0793
-79.778	-52.812	-3.1229
-62.635	-20.223	3.0945
-86.21	-47.125	3.1104
-69.859	-13.695	2.8916
-82.082	-18.999	3.032
-94.151	-19.772	2.9599
-78.833	-39.285	3.0303
-64.939	-51.583	-3.1329
-57.884	-33.766	-3.1349
-71.971	-33.422	3.056
-81.905	-20.807	3.0257
-76.769	-55.789	3.1023
-54.891	-48.588	-3.105
-61.097	-14.013	2.984
-91.486	-39.481	-3.1379
-55.246	-33.108	3.1385
-88.107	-18.385	3.011
-64.301	-48.994	-3.0961
-81.966	-9.2597	2.9205
-91.086	-13.862	2.9367
-96.909	-31.534	2.9512
-68.411	-27.301	2.9419
-56.22	-54.371	-3.0755
-55.558	-38.561	-3.0839
-82.18	-42.347	-3.0493
-74.679	-28.694	3.0022
-74.72	-17.677	2.9793
-83.121	-41.442	3.1066
-73.029	-24.228	3.0991
-79.861	-43.501	3.0107
-72.63	-19.493	2.9901
-71.233	-55.276	3.0256
-69.092	-9.6298	2.9182
-72.614	-60.839	-3.0251
-67.627	-23.009	3.0319
-77.341	-19.63	-3.129
-138.33	11.764	3.0009
-84	-24.145	3.0195
-109.5	-25.046	-3.1205
-40.997	-49.804	3.1385
-75.912	-3.8765	2.8296
-95.182	-12.189	3.0406
-93.179	-19.486	3.0465
-75.153	-34.004	3.0452
-72.092	-36.033	3.0272
-67.51	-30.627	3.0474
-59.255	-32.659	3.126
-80.32	-19.463	3.1276
-38.891	-51.3	3.0671
-71.303	-35.358	3.1313
-70.256	-29.832	-3.1247
-64.928	-50.455	-3.0367
-103.31	-58.746	-3.0353
-56.858	-23.331	2.9588
-86.359	-49.781	-3.0103
-62.415	-58.982	-3.1312
-53.646	-40.684	3.0648
-58.582	-46.004	-3.1237
-56.531	-34.301	3.0653
-73.431	-33.614	3.1098
-71.087	-41.96	3.052
-60.281	-38.635	3.13
-72.1	-55.37	3.117
-57.1	-17.762	2.8834
-58.928	-41.864	-3.1264
-71.239	-39.994	3.0957
-49.457	-32.569	2.9457
-82.493	-52.627	-3.0145
-63.074	-14.606	3.0027
-80.895	-35.945	3.0257
-54.057	-52.352	-2.9537
-67.542	-35.727	2.994
-71.498	-48.308	-3.0966
-47.099	-65.628	-3.077
-47.494	-37.479	-3.0992
-69.916	-27.495	3.0981
-74.187	-30.784	3.1188
-72.503	-44.16	-3.0861
-68.415	-35.077	2.9697
-52.345	-50.21	3.1308
-69.245	-54.107	2.9939
-36.217	-51.417	-3.0602
-76.572	-39.66	3.0081
-44.877	-52.836	2.9277
-42.02	-67.297	-3.0916
-50.108	-30.508	-3.0862
-75.776	-62.236	3.1063
-44.917	-46.781	3.1185
-45.908	-48.509	-3.1129
-71.07	-51.441	3.005
-38.918	-56.685	3.034
-51.577	-67.89	-3.0722
-53.537	-37.697	3.1303
-64.132	-47.688	3.0611
-67.803	-37.538	-3.1275
-68.211	-24.781	2.9329
-75.065	-38.337	-3.0074
-62.815	-40.511	3.0072
-59.8	-49.635	-3.002
-64.497	-47.293	-3.1204
-60.101	-47.783	-3.1024
-62.719	-36.236	3.0405
-54.361	-25.988	3.0957
-71.372	-7.4334	3.1323
-53.633	-44.53	-3.1319
-81.376	7.2707	-3.0286
-130.21	-43.513	2.9587
-103.55	165.37	-2.9835
-68.602	-75.863	3.0075
-83.967	154.05	2.9859
-132.58	129.71	-2.8825
-62.335	122.29	3.0898
-79.994	134.51	-3.1007
-167.79	145.53	-3.1374
-108.68	139.72	-3.1052
-98.22	115.4	-3.0726
-93.441	67.791	3.0624
-67.427	-26.664	2.9125
-38.618	-49.498	3.0451
-59.085	-54.841	3.1217
-49.667	-44.597	-3.0944
-62.604	-51.638	3.0698
-52.454	-51.32	3.0831
-59.291	-21.222	2.9983
-89.05	-55.464	3.077
-54.922	-39.562	2.965
-65.09	-50.636	-3.091
-60.438	-46.516	-3.0975
-60.488	-38.131	2.8672
-32.777	-45.431	-2.9291
-91.984	-31.929	-3.0474
-77.402	-32.7	-2.9709
-75.989	11.454	-3.1069
-106.73	-57.974	-2.7184
-89.027	104.67	2.9746
-125.81	-31.759	-3.0838
62.964	62.697	-3.0073
-89.072	-81.004	-2.8533
-28.174	-55.189	-3.1137
-79.49	86.984	-3.0578
-100.12	-35.95	-2.8107
-136.04	139.63	-3.0179
