-63.469	-25.861	-3.0396
-100.5	-12.896	-2.9743
-68.374	128.44	-3.1021
-153.95	122.44	-3.1063
61.013	26.397	-3.1233
-112.62	104.47	-3.0309
-73.249	154.09	3.1151
-66.591	-28.757	3.1093
-65.739	-47.315	3.0758
-63.605	-46.527	3.103
-50.873	-48.134	-3.1133
-67.003	-40.78	-3.1271
-67.753	-33.653	3.0618
-64.177	-42.636	3.0835
-60.83	-39.559	3.0931
-65.087	-40.687	-3.1237
-66.175	-36.131	3.0213
-57.163	-45.653	3.1129
-61.776	-40.315	3.0938
-62.244	-42.111	-3.1103
-70.637	-38.531	3.0641
-67.582	-39.224	3.0287
-58.274	-43.349	3.1381
-64.919	-43.076	3.1097
-58.257	-44.546	3.1181
-60.996	-43.041	3.1086
-59.748	-43.369	3.1351
-70.568	-31.714	3.043
-60.131	-47.919	3.1062
-61.907	-43.756	3.0831
-59.027	-49.866	-3.0982
-57.195	-49.04	-3.0957
-74.097	-23.728	3.0172
-61.986	-43.413	-3.1217
-76.082	-9.8775	3.027
-88.231	-5.8112	3.0656
-60.25	143.02	-3.0881
-64.457	-25.345	3.1247
-94.445	8.1877	3.0153
-119.38	-57.655	2.8832
56.53	54.137	3.0605
-122.97	86.907	-2.9788
-60.513	-40.897	3.1115
-60.255	-37.632	-3.1291
-71.335	-41.755	3.0999
-57.193	-43.59	-3.102
-72.139	-34.557	3.0792
-57.385	-48.887	-3.0683
-77.505	-35.268	3.0705
-62.49	-38.829	3.078
-64.312	-38.813	3.0548
-64.371	-40.681	3.0747
-53.833	-43.245	-3.0991
-68.394	-45.1	3.0634
-56.063	-43.058	-3.0777
-68.692	-37.182	3.1042
-64.809	-38.432	3.1081
-70.187	-32.442	3.008
-58.529	-51.858	3.1002
-53.779	-46.123	-3.1251
-63.226	-40.336	3.1234
-61.312	-39.567	-3.1377
-67.935	-40.612	-3.1384
-65.5	-39.314	3.1017
-63.617	-43.7	3.1341
-65.05	-43.957	3.0484
-48.03	-51.487	3.1052
-66.495	-35.593	-3.1225
-65.381	-28.795	-3.1282
-91.183	-7.9801	-3.1214
84.879	16.389	2.962
-79.141	169.3	-3.0756
-120.19	117.49	3.0852
-57.847	129.78	2.9881
-128.14	117.32	-3.0677
-94.631	145.27	3.1283
-125.27	170.13	3.1087
-54.982	145.46	3.0704
-103.88	117.75	3.1203
-74.076	149.69	-3.1047
-69.845	160.53	3.1349
-59.442	160.46	-3.03
-70.958	-20.204	3.1343
-130.89	157.62	3.048
-101.38	-29.316	3.0661
-128.86	143.91	-2.9161
-115.17	6.9944	3.0436
68.654	-134.57	-3.106
-84.616	172.4	3.0446
-58.152	-39.087	3.1009
-61.391	-49.023	3.0945
-55.375	-46.971	-3.0558
-65.142	-45.502	3.1351
-67.052	-32.028	3.0855
-66.77	-40.927	3.1324
-65.475	-42.638	3.136
-59.699	-41.26	-3.0918
-72.527	-36.538	2.9892
-57.445	-47.006	3.1018
-57.632	-52.03	3.116
-60.735	-39.036	3.0908
-61.405	-38.768	3.1216
-67.803	-38.813	3.0471
-63.009	-48.89	-3.1275
-56.516	-43.634	3.1244
-63.463	-38.317	3.1049
-66.454	-37.123	3.0358
-60.613	-46.996	3.125
-63.37	-43.515	3.0693
-58.764	-45.095	3.1406
-64.929	-38.906	3.0752
-63.143	-41.528	3.1165
-61.663	-45.166	3.0633
-53.955	-49.734	3.1122
-57.493	-43.496	3.0457
-58.364	-50.818	-3.1238
-58.946	-35.169	-3.1312
-88.397	3.9025	-3.0843
46.327	58.914	-3.0784
-115.21	82.173	-3.0709
-65.315	-29.372	3.0918
-62.689	-46.067	3.1053
-55.906	-48.484	-3.1354
-58.056	-47.316	3.0683
-57.631	-43.23	3.1341
-59.557	-51.018	3.1151
-60.375	-41.014	-3.1053
-64.315	-46.528	-3.1124
-67.344	-40.646	-2.9263
-114.73	-2.1218	-3.0504
-137.45	-51.787	-2.9298
-59.497	-49.651	-3.1284
-71.475	-33.147	3.0851
-55.745	-52.201	3.1137
-58.322	-50.151	-3.123
-56.106	-47.964	3.1022
-61.879	-42.996	3.1379
-62.862	-43.929	-3.1197
-65.906	-38.812	3.0325
-59.996	-46.004	3.0902
-57.565	-48.533	3.1269
-64.323	-37.185	3.0327
-58.293	-48.626	3.1117
-57.059	-44.541	-3.1103
-64.292	-47.076	3.0951
-53.585	-44.569	-3.1313
-64.92	-43.634	3.1047
-69.4	-42.477	3.0331
-54.943	-48.392	-3.0639
-67.396	-36.288	3.0586
-58.667	-28.819	-2.9996
-90.045	-7.4633	-3.1097
-64.929	-45.928	3.0995
-59.474	-48.503	3.0919
-56.748	-49.108	-3.1275
-58.755	-44.13	-3.1058
-64.254	-41.063	3.0914
-62.584	-50.162	-3.1057
-61.432	-41.065	-3.1186
-61.131	-45.004	-3.0971
-65.471	-40.88	-3.1319
-69.99	-43.934	-2.9321
-102.7	-17.375	3.0527
-109.8	-49.229	-3.0606
