-112.95	100.49	3.0146
-83.61	89.85	-2.7153
-65.619	-41.194	-2.8363
-117.07	95.967	-3.0544
-52.126	-39.054	3.0595
-58.359	-44.992	-3.1303
-66.61	-39.224	2.9851
-54.523	-49.333	3.0947
-66.506	-41.207	-3.082
-64.161	-42.754	3.0489
-57.317	-44.165	-2.9502
-78.14	-37.024	-3.1269
-88.444	-29.901	-2.9729
80.109	168	-2.8746
-70.765	-38.97	-3.0829
-67.185	-43.836	3.1314
-73.498	-35.456	3.0349
-56.084	-51.24	-3.0915
-63.104	-47.884	2.9863
-46.715	-49.042	-2.984
-76.293	-31.106	3.077
-68.215	-41.168	3.1102
-66.423	-39.463	3.0061
-59.854	-52.973	3.1398
-55.97	-41.307	3.1255
-69.443	-31.334	-3.0804
-67.027	-36.779	3.1161
-79.97	-26.126	-3.1235
-81.759	-37.581	-3.1077
-128.32	97.471	-2.7784
-93.526	-9.6404	-3.1103
-96.421	-14.249	-3.0644
-61.849	138.38	3.023
-58.21	152.08	3.0168
-49.885	-52.658	-3.1083
-52.175	-39.464	-3.1367
-68.644	-35.193	3.1305
-70.344	-32.325	-3.0849
-68.952	-37.355	2.9887
-61.442	-47.104	-3.0773
-62.262	-45.256	3.0558
-54.026	-54.513	-3.1299
-54.674	-54.077	3.0547
-45.891	-55.241	-3.0562
-64.383	-33.196	3.1027
-68.786	-49.236	2.9779
-46.225	-51.897	-3.0348
-62.487	-36.325	2.952
-54.889	-47.275	-3.0505
-64.779	-39.346	-3.0643
-65.122	-26.086	-3.0812
-86.893	-26.875	2.8924
-65.59	-50.725	3.0818
-61.101	-49.72	-3.1171
-130.72	111.2	-2.9627
-79.592	-34.089	2.9673
-63.746	-12.322	-3.0492
-67.468	144.92	-3.0125
-47.656	136.53	3.0816
83.961	-19.909	3.1138
-63.539	-16.618	2.9692
-93.337	-6.6938	-3.1279
-68.122	149.75	3.1373
-60.707	-25.855	-3.1323
-75.548	-43.776	-3.0717
-59.979	-49.982	3.0788
-64.735	-50.496	3.0164
-51.065	-58.024	3.1163
-52.622	-41.315	3.0927
-55.806	-40.484	-3.1199
-73.361	-32.845	3.0904
-66.906	-34.815	-3.0709
-68.018	-26.564	3.1375
-82.167	4.6645	-3.0856
-75.134	115.43	-2.9657
-51.222	-27.016	-2.9256
-115.22	17.445	3.0992
-52.784	-59.51	3.1228
-65.894	0.91265	3.0106
-114.68	-33.248	-3.044
-125.41	9.0645	-3.1181
45.106	-132.64	-3.0881
-41.067	-20.844	3.0508
-55.003	-35.908	-3.0545
-77.485	-1.9251	2.916
-86.509	-13.272	2.9308
-59.837	-31.972	3.117
-66.949	-4.4299	-3.1042
-99.71	-5.3826	-3.063
-99.538	162.36	2.9978
-91.379	165.99	3.0142
-72.691	140.78	-0.023805
-89.926	-2.3029	3.0689
-56.99	-36.505	3.1292
-66.815	-38.674	3.0573
-68.233	-41.978	3.0481
-51.959	-36.388	-2.9916
-73.214	-47.094	2.98
-52.416	-59.776	2.8824
-37.566	-60.104	-3.0764
-57.037	-11.47	2.9865
-99.036	8.1069	2.9236
-54.867	133.1	-3.0223
-107.04	114.65	-3.1132
-76.916	-14.184	3.0705
-132.11	71.704	-2.922
-67.622	-6.4954	3.1203
83.819	4.6768	-2.8946
-69.178	139.85	3.0536
-52.651	138.01	-3.1376
-81.787	114.91	3.0622
-61.994	110.87	3.0262
-101.68	87.255	-2.9574
-73.487	127.1	3.0922
-107.77	125.3	-2.8701
-66.079	-35.372	3.0862
-64.168	-62.363	2.976
-58.312	-28.476	-3.1133
-79.101	-43.874	3.0105
-66.289	-27.389	2.9865
-56.044	-44.214	-3.0319
-80.307	-20.785	3.0729
-80.824	-37.414	2.9627
-61.61	-52.668	3.1278
-44.134	-49.982	-3.1215
-162.27	97.614	-3.1128
-59.601	-30.796	-3.026
-83.662	-27.03	3.0248
-81.499	-36.86	3.0144
-54.585	-35.987	-3.1008
-67.551	-49.896	3.0967
-62.645	-48.134	3.0771
-51.44	-34.399	-3.136
-73.844	-51.004	2.9749
-40.751	-56.54	-3.0443
-65.08	-28.164	-3.0723
-82.046	-34.269	-3.1344
-73.11	-40.967	-2.9589
-73.946	-32.959	3.1133
-75.149	-25.18	3.0136
-90.444	-15.69	3.0318
-126.28	86.316	-2.9271
-78.191	6.1387	3.0425
-125.72	19.318	3.0405
-52.613	135.15	3.057
-61.097	117.56	-2.7596
-83.352	-37.018	2.9873
-66.913	-21.775	3.0169
-79.916	-27.628	3.0907
-62.978	-38.807	3.0822
-66.692	-43.774	3.0233
-48.368	-58.834	-3.1205
-64.96	-37.107	-3.0724
-69.063	-34.916	2.9422
-65.785	-32.683	-3.1201
-63.414	-26.25	-2.9459
-80.241	-58.263	2.904
-48.262	-31.511	3.0887
-58.31	-45.642	3.0573
-59.98	-48.604	-3.1367
-66.532	-37.355	3.0042
-54.989	-50.678	3.0518
-74.619	-40.509	-3.0822
-86.267	-27.221	-3.0977
-73.695	3.3372	3.0823
-99.823	-9.7941	-3.0772
-84.806	165.54	-3.0591
-83.896	-13.426	2.9498
-130.27	81.969	2.9827
-41.947	-55.016	-3.0635
-49.124	-61.637	3.1019
-54.648	-24.507	-3.1318
-87.536	-36.593	-2.9163
-81.847	-53.462	-2.8577
-65.864	-32.584	3.104
-68.188	-36.919	3.092
-72.09	-40.806	3.059
-67.534	-39.139	3.1397
-62.177	-42.149	3.0163
-66.782	-31.682	-3.1251
-71.015	-52.302	-3.0699
-61.92	-37.113	-3.1068
-70.859	-27.215	-3.0365
-79.198	-45.628	3.1214
-63.975	-42.353	3.1194
-60.767	-31.785	-3.0249
-80.062	-38.728	3.0244
-62.969	-38.763	3.1103
-65.207	-44.321	2.9488
-49.254	-53.767	3.117
-61.418	-45.578	-3.1351
-54.702	-30.033	-3.1411
-79.977	-33.787	3.0561
-57.259	-51.263	3.0251
-63.433	-39.661	3.0826
-60.893	-42.863	3.1101
-47.203	-56.456	-3.0544
-68.811	-48.226	-3.0528
-61.884	-17.321	-2.7985
-136.53	-21.414	3.0933
-129.71	1.5937	3.1038
97.361	162.39	3.0636
-61.737	-45.354	3.0645
-41.704	-26.354	-2.9846
-88.822	-36.658	3.1204
-68.857	-59.981	2.9631
-34.903	-52.683	-3.0385
-64.998	-32.1	3.0297
-59.47	-49.81	3.1201
-61.256	-34.44	3.0657
-57.897	-54.801	3.0257
-49.342	-56.432	-2.9673
-64.547	-47.943	-3.0726
-62.644	-62.169	-3.1277
-43.05	-45.498	3.041
-57.081	-44.429	3.1285
-76.292	-34.413	-2.8816
-125.16	53.599	-3.0217
-58.328	-12.272	-3.1195
-105.92	-6.8993	2.8765
-64.602	132.24	3.0838
-78.441	173.06	-2.9631
-65.058	-35.505	-3.0667
-69.27	-38.728	3.041
-64.099	-47.072	3.1212
-56.654	-50.563	3.097
-47.133	-45.443	3.132
-64.201	-58.871	3.0177
-50.841	-33.742	3.0819
-66.274	-52.769	2.9673
-44.43	-51.283	-3.0831
-77.058	-28.872	3.0846
-77.099	-42.49	2.9614
-56.547	-43.674	3.0389
-53.298	-48.201	3.085
-57.471	-46.752	3.0462
-64.972	-57.337	2.9479
-37.101	-52.666	-3.0325
-70.358	-44.001	3.075
-54.149	-47.854	-3.1309
-65.37	-18.964	-3.0913
-102.37	6.6139	-3.1397
77.205	3.744	3.0237
-80.141	64.534	-3.0082
-68.492	-36.389	3.0247
-64.864	-41.451	3.1385
-71.067	-37.997	-3.1322
-60.495	-57.401	3.1413
-50.652	-56.5	-3.1279
-58.451	-33.092	-3.1268
-81.188	-31.215	2.9078
-62.145	-39.584	3.1068
-64.163	-44.569	-2.9794
-65.862	-33.543	3.0323
-71.391	-49.682	2.981
-46.599	-47.685	3.1088
-61.229	-41.915	-3.1194
-68.584	-32.582	-3.0559
-69.677	-52.997	3.113
-56.522	-33.244	3.1124
-84.493	8.0754	3.0993
-138.69	22.786	3.0882
-36.157	-56.031	-3.0006
-57.723	-28.201	3.1261
-98.384	-2.9431	-3.0613
-113.09	-56.208	-3.1128
-172.04	154.97	-3.0607
-95.834	13.722	-2.958
-113.3	8.1486	-2.7801
-104.08	-20.415	-3.1292
-48.904	-42.256	3.0082
-68.52	-43.162	3.0819
-61.783	-18.438	-2.862
-100.78	27.229	-2.9336
-142.03	1.4832	-3.1354
-90.38	176.7	2.9245
-70.037	167.65	-2.8782
-52.82	-55.307	-3.1138
-53.87	-43.49	-2.929
-75.371	-27.6	-3.1136
-68.332	-51.44	3.0352
-54.908	-46.937	3.0249
-61.776	-45.258	3.0063
-52.438	-51.421	-3.0747
-63.871	-33.989	3.1236
-75.704	-28.631	3.0586
-85.218	-4.7043	-2.8843
-71.274	145.26	-3.0987
-64.124	160.01	-2.9916
-87.822	154.3	-3.0472
-93.374	166.41	3.1107
-74.889	142.08	3.0455
-62.183	119.07	2.9656
-46.666	149.19	-2.731
-84.069	-29.482	-2.9892
-118.68	54.827	-3.0428
-76.646	128.27	-3.1388
-64.458	121.99	-2.9862
-51.218	132.25	3.0792
-34.476	-52.337	3.0924
-43.393	-30.649	-3.1117
-47.996	-53.869	-2.9756
-94.094	-26.626	-2.8238
-110.7	-7.6008	3.0777
-131.8	-44.255	-3.0451
-86.582	-21.455	-3.0875
-54.79	109.91	-3.1096
-63.509	9.3995	-3.0995
-130.61	9.5849	3.1086
-49.728	-51.517	-3.0139
-67.202	-42.613	2.9225
-52.009	-57.093	3.0669
-48.408	-48.561	-2.8913
-71.466	-49.879	3.0945
-56.378	-29.168	-3.1106
-74.819	-42.096	2.7774
-140.77	98.288	-2.9847
-62.692	-52.219	3.133
-63.192	-30.714	-3.1031
-77.525	-45.725	3.1138
-59.595	-30.372	3.1342
-83.431	-43.075	2.8998
-49.424	-48.212	3.077
-56.435	-43.888	3.0476
-62.058	-37.154	-3.0671
-71.956	-47.938	2.9392
-44.15	-66.404	-3.1326
-47.004	-40.682	-3.0597
-77.995	-43.303	-2.9947
-70.356	-29.547	-3.0546
-78.235	-24.511	-3.1289
-89.554	-12.496	-3.0914
-134.22	67.39	3.0824
-74.777	-2.8817	2.957
-68.982	-38.91	-2.8694
-73.231	157.94	2.9618
-80.15	146.9	3.0299
-49.705	-59.762	-3.1146
-40.246	-40.24	3.1231
-68.359	-42.663	-3.0327
-71.039	-45.481	3.0688
-58.713	-24.407	3.0622
-79.658	-31.825	3.0193
-63.74	-42.741	-3.0986
-72.491	-48.599	2.9735
-44.171	-40.223	-3.0747
-76.838	-35.86	3.1054
-64.947	-45.861	2.9664
-52.812	-48.303	-3.0268
-59.787	-28.009	-3.0109
-77.667	-42.105	3.0369
-68.152	-42.684	-3.1237
-47.747	-45.579	-2.9911
-92.453	-30.873	3.0592
-72.122	-43.954	-3.141
-61.477	-25.407	2.9683
-60.225	-53.572	-3.0737
-56.403	155.88	3.0845
-63.814	-35.114	-3.1363
-113.39	69.507	-3.1046
-52.615	-40.813	-3.0727
-59.778	-34.78	3.0204
-66.611	-32.433	-3.107
-79.292	-46.911	-2.9936
-95.292	-18.8	2.9493
-46.136	-28.603	-3.0461
-99.908	-2.0366	-3.0458
-48.493	-41.803	-3.0386
-60.194	-29.9	3.0889
-68.281	-52.381	2.9963
-40.247	-49.263	-3.0975
-67.743	-56.841	3.0896
-44.457	-34.996	2.9271
-68.626	-25.733	3.092
-57.018	-42.079	3.1229
-49.429	-29.03	-2.7629
-109.03	-12.746	3.0702
-53.381	-54.966	2.9612
-46.169	-48.034	-2.9184
-43.979	-38.576	-3.1208
-82.705	-18.136	2.9683
-57.41	-57.572	-3.0625
-44.372	-58.413	-3.0605
-50.903	-50.778	-3.0722
-55.427	-51.839	-3.0916
-67.183	-39.238	3.0304
-66.184	-30.453	3.0384
-69.044	-55.356	2.9878
-48.811	-42.887	3.1301
-65.488	-53.68	-3.1258
-58.687	-40.514	-3.1209
-57.215	-53.633	-2.9151
-96.671	-20.767	-2.9993
78.835	162.05	-3.0181
-49.218	-51.955	3.124
-61.788	-48.86	-3.071
-65.908	-22.443	-3.0756
-85.721	-34.395	3.0744
-61.612	-47.326	2.9947
-63.381	-26.279	3.0763
-68.932	-38.238	-2.9984
-79.323	-40.371	2.989
-48.792	-40.745	3.0843
-74.958	-47.546	-3.0793
-60.169	-46.327	3.1254
-75.751	-23.868	3.0576
-76.787	-32.807	3.0488
-68.99	-27.511	-3.0106
-72.833	-49.37	-3.0537
-140	65.718	-2.9982
-59.711	-25.308	-3.0819
-73.332	-32.623	3.094
-43.378	149.93	-3.0321
-74.781	162.52	-3.0348
-66.681	-45.865	3.0608
-55.905	-33.275	3.1236
-73.018	-49.43	2.9535
-51.541	-49.097	2.9801
-54.199	-65.495	-3.0784
-51.282	-41.628	-3.0848
-68.642	-36.487	-3.0787
-74.43	-34.904	3.0856
-60.158	-57.931	2.9722
-54.164	-48.502	3.0474
-55.772	-39.441	-3.0976
-67.974	-36.692	2.9447
-60.124	-21.688	2.9679
-58.566	-18.252	3.072
-67.597	-55.198	3.121
-64.849	-33.608	3.128
-71.239	-46.903	-2.8726
-114.07	-14.351	-2.9432
-90.672	-11.954	3.0106
-90.58	-17.839	2.9483
-53.814	152.59	3.0113
-43.093	147.18	-3.1004
-53.515	-51.655	-2.9795
-75.789	3.8599	-3.0899
-110.33	-17.596	-3.0632
-60.892	-45.316	-3.1272
-64.595	-47.322	3.0167
-55.887	-48.021	3.0501
-50.818	-57.175	-3.1257
-54.67	-52.934	-3.1017
-52.558	-48.826	-3.1051
-52.87	-50.349	-3.0799
-80.908	-26.965	3.1263
-63.322	-33.008	-3.083
-77.566	-24.185	2.9536
-70.498	-29.175	-2.8838
-92.578	-42.274	2.9817
-61.217	-36.768	3.0249
-63.911	-27.732	3.1169
-74.103	-37.365	3.0498
-57.085	-53.47	3.0942
-53.717	-51.262	3.1082
-53.825	-51.488	3.1147
-61.556	-36.668	-3.0876
-85.301	-30.875	3.0907
-66.272	-31.688	3.0637
-53.244	-51.929	-3.054
-124.08	79.732	-2.8013
-73.035	120.51	-3.0079
-139.6	-14.225	2.9797
-116.61	126.84	-3.0646
-72.515	-30.883	3.0557
-57.574	-42.34	-3.0837
-79.266	-39.932	3.0681
-53.299	-49.926	3.1233
-58.093	-45.938	-3.0775
-73.191	-26.903	3.1022
-80.269	-25.667	-2.9817
-106.81	-23.249	-2.9682
-65.373	-48.828	3.0972
-150.46	154.63	3.0156
-78.462	-45.811	-2.8743
-87.153	-10.371	-3.0563
-113.4	29.861	-3.0765
-74.945	-45.385	-3.0587
-58.944	-50.285	3.0788
-71.068	-29.78	3.0144
-62.623	-34.939	3.1152
-82.382	-31.39	2.9929
-73.19	-28.3	3.1072
-77.874	0.44098	-3.1156
-79.357	147.59	-3.1028
-120.2	153.94	2.951
-64.158	122.38	-3.0156
-95.392	151.8	3.0226
-97.433	33.48	-2.9497
-116.03	9.4541	-3.1084
-114.22	118.13	3.0752
-79.523	132.8	-3.1392
-62.956	150.71	3.0102
-67.444	131.43	2.8625
-47.266	141.24	-3.1324
-63.085	138.9	-3.0805
-136.46	99.919	3.1102
-41.252	-50.254	-3.0878
-59.648	-20.784	3.0674
-78.28	-5.5969	-2.9912
-140.67	20.207	2.9349
-99.945	137.12	-2.9634
-131.97	146.16	-3.1291
-127.46	-179.68	-3.003
-65.132	-15.586	3.1375
-61.709	-36.791	-3.0436
-51.087	-29.081	3.1224
-80.27	8.701	-2.919
-118.2	-43.782	-3.0482
-41.556	145.68	2.7847
-43.518	157.78	-3.0749
-61.795	-51.313	3.0295
-50.121	-48.306	3.1323
-57.643	-47.622	-3.1281
-49.279	-48.838	-3.1035
-67.515	-41.826	3.0473
-62.352	-35.491	3.0531
-65.338	-46.91	3.0714
-64.013	-37.917	-3.0549
-74.404	-30.301	2.9711
-55.613	-48.789	-3.0254
-69.66	-34.086	2.9969
-54.539	-45.292	-3.1299
-69.477	-39.472	-3.0931
-69.539	-36.206	2.996
-58.364	-42.872	3.1288
-79.435	-31.519	2.8647
-56.717	-26.172	-3.1091
-89.51	-45.283	-3.0673
-116.75	68.193	-2.9384
-69.327	-11.96	-3.1125
-101.44	-7.2552	-3.0029
-51.533	133.08	-2.9733
-74.13	173.89	3.1341
-73.94	-39.766	2.9697
-56.71	-45.989	-3.1292
-65.543	-47.146	-3.1189
-61.124	-38.009	3.0454
-50.388	-54.547	3.0608
-50.892	-48.611	3.1063
-62.589	-53.159	3.0696
-50.212	-50.296	3.0897
-61.839	-51.178	3.0564
-47.317	-40.542	-3.0632
-75.406	-46.1	2.9975
-48.646	-57.194	3.0386
-43.598	-51.36	3.1112
-56.052	-52.725	-3.1411
-65.565	-41.36	3.1195
-57.617	-54.723	-3.1244
-46.363	-56.478	-3.0582
-78.743	-25.217	2.9668
-74.485	-3.9215	3.1056
-101.44	-26.303	-3.0153
-69.219	158.3	3.0983
-63.923	-15.194	-3.1306
-146.37	92.934	-2.9108
-75.54	-36.975	3.0836
-57.049	-51.14	3.0909
-61.883	-29.322	-3.1131
-72.078	-48.117	2.9624
-57.204	-43.358	3.0873
-47.966	-53.575	-3.1089
-76.825	-49.128	-3.047
-77.044	-23.963	3.1163
-51.203	-59.297	-3.1096
-62.583	-38.042	3.0245
-49.385	-52.046	-3.1376
-56.06	-52.845	3.083
-49.71	-49.614	-3.094
-56.906	-52.514	-3.1351
-62.345	-31.87	3.1361
-72.533	-54.247	2.9865
-49.051	-34.265	-3.1174
-77.174	-49.183	-3.054
-63.437	-36.956	-3.0641
-99.149	-5.6008	-2.9993
