-128.97	-41.942	3.0995
-82.462	130.9	3.1402
-131.91	26.46	2.8381
-114.6	122.43	2.968
-133.19	156.53	3.1221
-84.019	135.6	3.0468
-90.65	134.65	3.0236
82.807	14.949	-3.1312
-51.28	126.68	2.9692
-108.87	94.177	-3.0554
-53.608	-28.379	-3.082
-62.953	-36.058	-3.0592
-78.223	-0.30958	2.9817
-95.264	3.1063	3.0966
-58.759	146.64	3.0117
116.6	-152.66	-2.9743
-89.56	134.22	3.0386
-135.06	150.34	3.0292
-115.73	129.01	2.9844
-76.445	84.166	-3.1042
-67.361	-43.9	3.1259
-142.92	151	-3.1361
-136.49	150.07	3.0135
-146.54	149.2	-3.1211
-143.69	156.1	-3.0472
-74.431	-22.6	3.0895
-132.61	138.87	-3.0192
-59.221	-37.19	3.1337
-62.644	-24.021	3.0932
-68.248	-19.589	-3.0189
-137.78	-8.6084	-2.928
-68.397	-57.034	3.0773
-76.556	161.59	3.08
-63.256	-28.348	-3.1309
-97.555	1.1475	3.0778
-44.347	143.09	-3.0248
-49.124	-44.069	-3.032
-106.93	8.3733	3.0696
-74.403	77.956	-3.0503
-118.33	144.73	-3.0295
-116.45	115.58	-3.0565
-74.225	137.86	3.1111
-108.26	-50.655	-3.0062
-160.43	145.96	3.014
-112.58	132.05	3.0889
-123.38	93.074	2.9768
-64.816	138.32	3.0936
-87.836	170.8	3.135
-68.191	-33.911	3.0031
-67.165	-16.092	3.1327
95.546	11.909	2.8849
-76.91	166.1	-3.0487
-127.75	111.57	3.0395
-85.285	128.73	3.1404
-114.3	130.45	2.9515
-106.78	128.67	3.1395
-146.91	173.19	3.0835
-138.53	133.67	2.9822
-70.4	120.1	-3.0818
-139.35	-51.838	-2.9646
-93.48	24.074	-2.7578
72.268	18.286	3.1332
-147.64	166.13	3.13
-83.996	108.48	-3.0998
-99.712	142.83	2.9942
-75.704	147.53	-3.1018
-145.61	135.12	3.0869
-124.28	113.38	-3.1251
-124.79	157.08	-3.0253
-119.74	122.45	3.0827
-102.63	117.24	-3.1119
-86.589	138.31	-3.1294
-64.396	156.39	2.9653
-123.15	-170.32	3.1139
-70.984	-20.433	3.0541
-94.124	121.59	-3.1351
-56.532	-25.483	-3.0731
-101.27	11.829	-3.0156
-133.02	133.49	-3.0377
-135.13	167.65	-3.018
-140	126.15	3.0743
-97.65	135.21	3.1095
-85.341	91.874	2.9786
-110.37	-177.89	3.0791
-43.589	-59.319	2.8334
-102.87	130.78	-3.0264
-72.072	121.81	-3.0842
-95.137	142.39	-3.0466
-99.207	135.93	3.077
-116.39	127.47	-3.1021
-120.13	129.71	3.0259
-90.339	109.82	-3.0722
-77.568	-39.635	-2.9998
-167.97	147.21	2.9603
-163.36	153.11	2.9886
-113.65	13.47	3.0926
65.861	-40.184	-2.9825
-96.875	-22.907	3.1289
-122.47	-52.789	-3.067
-134.96	158.97	2.9847
-145.82	135.53	3.0775
-114.6	129.82	3.1396
-142.71	152.77	3.0477
-122.32	153.79	3.0318
-131.31	147.2	3.0287
-93.205	171.87	-2.8239
-168.36	133.34	2.9965
-132.9	141.09	3.1336
-127	154.51	3.0956
-133.77	152.55	2.8753
-103.14	112.22	3.1157
-98.019	138.72	3.0755
-132.25	154.02	-3.1025
-70.722	-38.96	-3.0018
-115.88	153.49	3.1159
-73.911	57.829	-3.0587
-137.11	143.76	2.9985
-71.44	99.675	3.0412
-88.176	94.779	3.1282
-51.344	-44.6	-3.1277
-61.062	-45.874	3.1128
-66.06	-32.053	3.1341
-71.784	-29.713	3.0733
-67.934	-48.872	3.0519
-57.027	-42.363	3.1038
-58.712	-50.808	-3.0908
-64.582	-38.374	3.0539
-67.135	-40.368	3.0298
-63.009	-24.068	-3.0153
-90.933	-26.874	-3.117
-59.905	-29.548	2.9616
-74.636	12.693	-3.1049
-132.53	155.5	-3.1269
-96.037	79.023	-3.133
-91.542	149.04	-3.1165
-132.58	-9.3175	2.9806
-135.4	135.68	3.0679
-135.29	127.69	3.0806
-116	148.75	3.0511
-137.19	144.62	-3.105
-118.59	150.85	3.1401
-94.171	165.26	-3.1108
-54.696	-35.875	3.0896
-60.777	-49.838	-3.1332
-64.281	-32.585	-3.1378
-62.593	-26.035	3.1272
-92.596	-1.3931	3.0967
-97.6	153.1	3.0504
-65.853	130.26	-3.0761
53	27.172	3.0159
59.114	33.82	3.1125
