-101.91	131.43	3.0443
77.716	18.027	3.1209
-100.22	-154.25	-3.0277
-141.82	159.29	3.0512
-69.715	119.41	-3.0411
-59.797	-44.889	-2.8738
105.01	144.36	-2.9923
-62.963	126.34	3.0165
62.664	23.849	3.0762
-84.478	-7.9295	3.1377
-125.63	74.72	-2.7736
-76.267	-10.041	3.0564
-89.965	-8.9469	-3.129
-109.46	129.06	3.0111
-91.416	126.79	-2.9841
-64.695	133.08	3.0439
-132.13	-17.197	-3.1131
-161.33	160.17	2.9481
-91.428	178.76	3.0325
-169.14	175.99	-3.1039
-130.96	130.48	3.0904
-77.857	123.54	-3.1053
-136.88	140.25	3.0704
-146.96	-169.31	3.0963
-89.02	140.19	3.0244
-58.446	-31.995	-3.1239
-71.974	-8.0475	2.9802
-167.74	161.27	3.0331
-80.025	162.22	3.0307
73.32	37.512	-3.1253
-84.292	133.38	2.8355
-108.19	125.87	3.0631
-86.186	129.84	3.1392
-86.401	143.57	2.792
-118.95	-82.994	3.0411
-76.036	113.48	-3.0854
-74.338	-5.9118	3.1167
-109.46	3.102	-3.1111
-135.65	132.71	3.0134
-79.582	111.51	-3.0249
-105.36	-12.977	2.9848
118.23	-6.9882	-3.1203
-116.36	5.7414	-3.0931
-71.323	151.72	2.8379
-131.84	121.05	3.1112
-105.67	120.14	-3.0594
-69.817	138.48	2.9812
-93.32	-26.622	-3.0114
-135.23	101.77	2.98
-72.639	144.1	-3.1306
-103.86	16.927	3.0931
-71.422	-19.302	3.1272
-77.073	-44.248	-3.1069
-96.176	-15.466	-2.9652
63.02	19.626	2.984
-67.49	137.84	-3.1086
63.043	46.804	-3.0897
-83.23	76.994	-3.0758
-104.42	142.52	3.115
-126.67	124.63	3.0597
-95.692	137.18	3.0967
-85.02	143.83	3.122
-64.877	-26.199	3.0903
-139.65	154.38	-3.1276
-72.217	138.2	2.9829
-86.754	141.39	-3.0923
-158.72	-171.08	-3.0697
-130.88	101.22	-2.9022
-70.229	153.46	3.0492
-82.364	163.02	-3.0894
97.115	-18.369	3.1021
-120.42	165.18	3.0722
-111.35	122.34	3.1328
-114.82	136.76	-3.0274
-145.11	155.7	3.0666
167.97	178.31	-3.13
-107.23	22.558	3.1362
-77.936	-178.7	-3.0867
-54.845	139.33	3.0848
-103.43	2.4452	3.1041
-115.77	142.38	3.063
-163.37	118.71	-3.0779
-105.48	125.73	-3.077
-80.052	156.92	3.0303
-91.257	-32.822	3.1321
-98.682	160.35	-3.0404
-147.79	129.6	2.9643
-91.679	128.06	-3.0522
-151.31	147.88	3.1145
-88.557	150.64	2.8873
-66.716	136.98	3.086
-96.886	155.44	3.0822
-63.421	-41.287	3.1295
-68.154	-35.785	3.1103
-61.354	-34.835	3.1268
-69.416	-32.976	-3.0648
-131.26	72.619	-3.1276
-54.115	135.53	3.0561
75.466	4.4053	-2.9299
-120.5	-20.703	-2.9876
-95.669	118.75	3.0747
-96.16	174.38	3.069
-65.216	-9.5593	3.1283
-99.393	15.157	-3.0938
-133.44	151.99	2.9091
-141.74	159.39	3.0526
-102.15	148.21	3.0449
-146.96	151.36	-3.1316
127.37	113.52	3.1411
-63.78	-20.664	-3.1198
-75.116	-12.523	-3.0884
91.552	171.57	2.9884
97.957	115	-3.0669
-167.71	167.03	2.8267
-78.157	171.49	-3.0289
92.187	-15.122	3.0136
-86.913	-16.246	-3.0379
-50.227	140.74	3.1415
88.549	-15.366	-3.0895
-80.673	176.01	-2.9593
-84.234	149.77	2.8381
-123.48	109.71	-3.0287
-115.4	130.72	-3.0639
-131.15	122.13	-3.1329
51.286	39.032	3.062
80.29	11.497	-3.1321
-99.775	-23.752	-3.0745
-141.57	162.17	2.985
-126.1	130.94	3.0901
-57.518	121.96	-3.0055
-121.46	-66.617	-3.0374
-160.01	176.26	3.0388
63.39	145.73	3.0715
-55.796	134.62	3.0463
69.397	11.733	-3.0876
-134.96	76.153	-3.073
-72.807	171.29	3.0408
-69.149	146.88	3.0738
-114.65	134.35	-2.9529
-130.8	143.77	3.0529
-69.992	134.23	-3.0419
-86.631	90.746	-2.9665
-58.372	-36.47	-3.1
-54.946	-28.403	3.1268
-69.793	-15.346	-2.9653
-111.03	0.7511	-3.0476
-61.115	-44.02	3.1218
-58.331	-51.346	-3.0568
-64.373	-42.109	-3.0902
-70.78	-35.543	3.0961
-63.74	-47.571	3.1221
-60.093	-41.485	-3.0417
