96.917	165.15	3.1394
166.2	-142.01	3.1075
-156.35	-39.382	3.1148
-103.06	-172.73	-3.028
-50.158	115.32	3.0327
-85.029	139.04	3.1354
-117.82	86.371	-3.0732
-109.52	-161.48	-3.1243
-114.03	153.6	-3.077
-158.54	-179.28	3.1136
-131.9	92.16	-3.1098
-86.996	133.35	2.9835
-89.934	133.82	-3.1263
-116.83	-10.783	-2.9973
-167.67	136.63	3.1194
-61.245	107.5	3.0652
103.18	9.9422	3.1045
-113.29	156.37	3.121
-63.71	-175.39	-3.1268
-97.668	141.9	3.0827
-97.425	104.37	3.0336
-69.263	130.43	-3.0125
-150.39	-179.46	3.0329
-95.715	121.27	3.104
-132.98	161.5	3.1175
-129.89	110.88	-3.1016
-83.001	115.55	-3.0828
-73.151	149.21	-3.1299
-57.888	150.99	-3.1227
-63.047	160.18	-3.1205
-118.58	115.46	3.1405
2.3979	114.15	3.1283
82.212	20.605	3.072
-118.83	166.6	-2.9962
-150.69	96.959	3.0613
-74.59	136.27	-2.9894
-126.15	123.36	3.0903
-74.809	107.23	-3.0709
-69.278	129.81	3.0871
-99.79	-68.614	-3.0949
-129.87	155.45	-3.1199
-138.36	165.53	-3.1257
-127.33	142.45	3.0975
-103.92	95.429	3.0315
-81.981	177.79	3.1295
-94.177	-37.571	3.1247
-62.437	3.1068	3.0711
-101.76	-22.673	3.1371
-94.342	-26.26	3.0871
-60.559	-25.402	-3.1257
-77.927	-23.922	3.1238
-86.202	-25.925	3.0524
-82.015	-50.83	3.1282
108.63	32.199	3.095
-79.406	-24.898	3.0375
-119.75	121.04	-2.9903
-104.47	120.72	3.078
-137.97	154.08	3.1332
-61.886	110.34	2.9726
-82.426	150.22	0.042687
-73.245	146.05	-3.0333
-153.66	143.42	2.9937
-86.83	86.586	3.1091
-51.266	-163.27	3.1126
89.758	141.5	-3.0885
-165.36	-12.172	-3.1258
-110.41	80.435	-3.0275
-148.21	161.9	3.0863
-122.35	158.46	3.1381
-179.45	-179.79	3.1113
-112.99	146.41	-3.1085
-84.813	149.68	3.0635
-121.1	-72.273	3.1376
-100.45	143.47	3.0324
-126.3	172.16	-3.0568
-101.54	-155.54	-3.1145
-91.871	119.16	3.0664
88.8	-0.59694	3.1387
-54.296	115.33	-3.0905
-100.67	-53.394	-3.0203
-50.495	-74.429	-3.1136
-107.36	135.51	3.0728
-100.69	146.12	-3.0864
-62.391	155.18	-3.0635
90.742	3.6765	-3.0968
-85.166	135.16	3.0143
-85.264	120.2	-3.1109
-131.82	156.95	3.0324
-126.6	117.53	3.1299
-55.586	143.05	-3.042
-114.88	107.32	-3.121
-69.372	-26.265	3.0116
-111.59	99.687	-3.07
-70.592	-179.64	2.9845
-130.66	174.8	3.1288
-165.65	-112.1	3.1332
162.98	94.773	3.1293
154.72	-71.607	3.1343
-39.448	112.9	-3.0787
-38.58	-20.978	3.096
-78.093	-37.842	3.0524
-67.252	-23.751	-3.0641
-110.37	19.346	3.1299
-106.79	137.87	-3.0739
-57.339	-33.017	-3.0649
-120.89	72.586	-3.0885
-108.11	-92.917	-3.1214
104.2	-81.24	-3.0848
-54.529	90.193	-3.1139
-63.623	126.67	-3.1415
-47.515	-29.407	-3.0573
-85.11	21.344	3.1121
-71.581	-170.7	-3.131
-148	28.094	-3.0784
-104.46	-37.288	-3.1145
-80.037	-17.023	3.0648
-178.22	82.582	-2.9951
-58.718	127.75	3.0495
-86.829	-41.54	3.0896
85.258	37.979	-3.1217
-150.52	-164.09	3.1066
-75.249	-175.65	-3.0894
-82.014	3.5383	3.0197
-118.6	-9.0225	3.0747
115.51	-3.3423	-3.096
-109.67	170.18	-3.1274
-91.524	-177.85	-3.0149
-164.2	22.216	-3.014
-152.36	111.87	3.1385
-129.18	121.98	3.1086
-95.28	-116.98	-3.0935
-44.84	-50.785	3.1057
-176.79	2.4632	-3.095
-106.19	116.42	-3.1384
-59.673	134.09	3.1083
-100.33	145.51	-3.0698
-71.93	138.76	2.9778
-83.609	161.56	-3.1403
-114.07	132.33	-3.0544
52.915	-80.413	3.1177
175.05	41.052	-3.0839
-141.03	-49.939	-3.1152
34.67	88.601	-3.037
-117.99	32.343	3.0884
-107.73	9.7276	3.0633
-93.711	-172.03	3.0763
-101.7	-15.351	3.0681
-143.3	162.56	3.0881
-158.06	158.14	3.049
-126.11	106.69	3.1191
-100.31	158.54	3.0698
-68.468	-161.64	-3.1275
-100.09	-35.246	-3.1368
-66.92	-1.2646	-3.1259
-132.71	37.239	3.1231
-131.92	110.38	3.0949
-96.412	143.07	-3.0661
-112.73	120.31	-3.0388
-103.47	-143.89	-2.9445
-64.311	-89.487	-3.1079
139.48	-2.4135	3.0875
-133.6	17.397	-3.0062
-84.327	129.64	3.0359
-62.608	96.012	-3.1323
-81.082	-6.0063	3.0882
-86.865	-11.615	3.1175
-107.49	-81.69	-3.0736
-50.866	27.189	3.122
-104.92	-7.2192	3.1227
-82.697	5.755	-3.0492
-107.73	-16.076	3.0581
-80.853	13.193	3.0935
166.31	-91.548	-3.1337
-9.6275	-80.852	-3.0869
-61.896	-72.848	-3.024
-69.945	36.659	2.9161
-128.34	-27.991	3.0697
-89.379	-22.707	3.1364
-79.776	-53.418	-3.0676
-69.373	-17.187	3.1134
-72.48	-48.405	-3.0684
-73.816	-25.407	-3.0372
-117.33	-7.9205	-3.0893
-123.1	-57.954	-3.0496
-78.95	-34.064	3.122
-103.26	-51.573	2.9855
87.777	28.915	3.0835
-16.046	115.64	3.1134
-77.795	139.27	-3.0807
-58.627	101.76	3.0298
114.07	26.117	-3.0028
-99.095	-177.65	3.0678
-114.97	114.63	-3.0805
-113.3	132.74	3.0592
-119.54	125.08	-3.1274
-121.31	104.8	3.0923
-78.259	123.02	-3.0841
90.657	116.68	-3.0894
-110.23	40.808	-3.1176
-89.885	-162.1	-3.1133
-52.038	-57.957	-3.1072
-72.485	-23.445	-3.0635
-92.41	9.9518	3.0998
-112.52	-27.402	3.0917
-76.898	-27.581	3.1251
-79.72	-21.011	3.1039
-96.221	-15.282	3.0916
-100.88	7.1095	3.0622
-104.79	-32.142	3.1089
-72.433	-40.169	-3.0952
-69.432	-18.028	3.0861
-95.169	-32.476	3.1404
-65.754	-6.6665	-3.0943
114.82	-72.357	3.107
28.294	106.42	-3.1224
-76.061	-27.145	3.1302
-136.26	155.76	-3.1274
-167.69	114.24	-3.073
-101.94	163.93	3.122
-139.74	126.75	3.1408
-114.11	115.72	3.1101
-145.92	146.1	-3.0861
-91.965	8.0021	3.1313
-119.43	83.818	-3.1004
-53.64	-15.649	3.1296
-63.209	-22.242	-3.0544
-86.805	-14.393	-2.9975
-59.778	-25.351	-3.0834
-80.062	-55.806	-3.1266
-57.473	-12.307	-3.0544
-91.347	-67.978	3.0707
-49.894	-34.187	-3.1215
-68.32	-24.223	3.1326
-90.846	-13.252	3.1133
126.03	25.722	3.1403
-100.16	101.24	-3.033
-65.457	-49.613	-3.1136
-135.37	124.16	-3.1173
-109.83	127.66	-3.1339
-120.69	133.3	3.1075
-108.34	107.05	-3.0656
-59.918	-13.179	-3.0659
-81.397	-20.568	-3.1095
-83.493	-3.1524	-3.0362
-113.31	143.14	3.1112
-81.259	-56.942	-3.1256
-73.493	156.12	-3.1156
-55.006	154.03	-3.0086
-78.962	-25.281	3.0935
-58.434	-43.359	3.1349
-53.647	-62.161	3.1059
-50.738	-52.587	3.1152
-61.487	-32.553	-3.088
-89.274	-16.99	3.113
-87.488	-18.199	3.1263
-73.062	-65.325	3.0632
-89.179	7.1894	-3.0082
6.6102	111.07	-3.0676
124.53	-37.095	-3.1377
122.32	167.1	-3.1078
-83.422	138.3	-3.1357
-49.667	-52.486	3.1288
-128.83	146.46	3.1143
-144.68	142.71	-3.12
-130.9	138	3.0711
-103.31	114.28	3.0756
-129.22	67.079	3.0792
-142.19	-60.234	3.1068
96.518	58.012	3.0899
-122.93	121.38	-3.0936
-46.862	-32.421	-3.0656
-79.294	-38.165	3.1361
-80.943	-24.189	3.1391
-70.262	-17.003	3.0446
-106.3	-42.289	-3.1306
-52.662	-26.787	-3.1249
-78.798	-25.082	3.1317
-82.329	-35.069	-3.1223
-74.532	-26.482	-3.0701
-85.573	-6.9695	3.0607
-98.077	-170.07	-2.9904
-94.241	115.94	3.1393
-29.229	-43.799	-2.9408
-99.112	-19.9	-3.1408
-162.96	29.371	3.1344
-89.787	118.13	-3.0972
-104.53	86.18	3.1234
-89.612	126.99	-3.1333
-119.41	142.17	3.12
-112.83	124.36	-3.1077
-95.763	-43.978	-3.0743
-46.758	-179.37	-3.0731
-142.32	92.886	-3.0309
-68.909	165.33	3.0995
-63.01	101.07	-3.0924
17.658	-142.04	3.1319
-58.97	68.177	-3.1161
-125.12	133.29	-3.0252
-104.95	132.69	3.0816
-89.65	139.17	3.1399
-98.991	94.535	-3.1313
-114.78	158.8	3.1265
-101.81	117.85	-3.1039
-60.353	-2.692	-3.0814
-84.968	-25.851	3.1071
-54.575	-40.766	-3.0962
-86.075	-32.691	-2.9998
-59.419	-34.111	3.124
-67.866	-34.256	3.0422
145.69	37.417	3.0835
-100.34	129.8	3.0758
-93.592	124.01	3.0859
-104.43	128.23	-3.1318
-131.48	-175.18	-3.139
-163.78	162.05	-3.1157
-166.12	139.65	2.9575
-106.11	128.17	-2.9756
72.597	-147.4	3.0877
-110.48	21.358	-3.0662
70.986	24.846	-3.1187
-85.608	116.77	3.0501
-55.819	105.76	-3.0113
-42.339	-58.015	-2.9794
-87.408	5.7158	2.9916
-135.4	11.31	3.0746
-113.14	-26.725	-3.094
-74.68	-41.084	3.0504
-64.379	-42.516	-3.1085
-65.068	-32.048	-3.0927
-83.283	2.8528	-3.1249
-103.99	-39.495	-3.1261
-61.147	-11.51	-3.072
-90.185	-42.811	3.0979
-67.965	-41.125	3.0911
-65.779	-22.151	-3.104
-111.94	22.715	3.0162
52.773	41.092	3.0072
-71.461	-48.071	3.1239
-138.33	-173.53	-3.1407
-133.45	126.06	-3.137
-96.078	-9.1139	-2.9896
-78.141	-42.861	3.1358
-58.631	-12.732	-3.134
-82.815	-62.656	3.0858
-40.354	117.16	-3.0614
-113.16	-22.588	-3.1125
-150.02	161.48	3.0857
-146.91	91.286	-3.0459
-94.82	154.88	2.9846
-67.521	147.99	3.125
-37.147	-80.093	-3.0816
-35.382	-8.6695	3.1062
-111.71	23.079	-3.1153
-68.624	-2.8879	3.1364
-97.533	-8.6047	3.0589
-99.652	-20.403	3.0976
-59.954	-50.351	3.1345
-71.613	-40.157	-3.12
-67.359	4.6411	-3.1399
-105.56	-41.931	3.0912
-62.06	-59.458	-3.0812
-90.042	-38.333	-3.1382
-72.378	11.545	3.0107
143.73	-145.89	-3.1254
-80.324	132.92	3.0795
133.66	75.148	-2.9719
-39.498	-62.936	3.0643
-138.9	101.94	3.0425
-80.995	160.94	3.062
-140.05	102.65	3.0899
-66.842	125.9	3.0953
-104.32	143.09	-3.0381
