-61.14	161.43	3.0718
-70.944	-36.156	3.0896
-121.77	134.82	2.9488
-131.83	128.38	3.0461
-137.07	101.63	3.1313
-66.399	-16.123	3.1229
-71.381	-38.86	-3.1144
-69.006	-32.786	-3.1165
-83.975	3.0625	3.0769
78.63	22.895	-3.0636
-107.02	8.8638	-3.0538
-133.19	125.71	-3.139
-84.719	166.44	-3.1365
-47.684	156.49	-3.1077
-73.987	143.38	3.093
-114.9	168.65	3.0488
-120.61	119.18	-3.0327
-78.503	-16.776	3.1258
70.233	-147.74	-3.0941
-94.678	52.047	-3.0527
-140.57	132.51	-3.0346
-91.41	69.092	-3.1229
-83.838	-38.678	3.0793
-63.5	-45.815	3.1384
-60.582	-51.621	-3.109
-57.862	-42.764	-3.0697
-66.305	-36.735	3.0913
-58.051	-42.886	-3.0862
-65.369	-35.015	3.0466
-71.539	-49.764	3.041
-52.339	-42.01	3.0733
-61.082	-52.899	-3.0723
-72	-31.674	3.0986
-68.323	-42.614	3.1314
-60.047	-50.192	-3.0768
-55.503	-48.892	-3.1124
-80.9	-27.888	-3.0474
-109.49	-25.412	-2.9515
90.591	-7.7592	-2.9762
-97.158	133.08	3.0564
-101.06	114.53	-3.1002
-124.5	163.76	2.8952
-105.61	141.25	3.0959
-116.03	167.82	-2.8851
-88.763	117.81	2.9643
-73.558	-35.05	-3.0051
-64.299	-37.93	-3.1079
-62.064	-36.913	3.0658
-72.315	-42.888	3.0375
-50.417	-46.288	-3.0937
-73.864	-41.329	-2.8415
-104.11	-13.791	3.1352
-88.201	104.92	-3.1066
-93.45	8.823	2.9142
-82.769	-27.304	-3.081
-91.623	-179.37	-2.9875
-122.83	34.826	-3.0678
52.467	-123.8	-3.1364
-72.732	3.7876	-3.1208
-110.61	21.847	3.1081
97.928	173.7	-3.0054
169.1	-171.37	-2.9366
-122.54	124.2	-3.116
-61.296	-33.331	3.109
-70.052	-29.814	3.056
-74.615	-41.043	3.0936
-61.778	-37.585	-3.1216
-69.977	-38.002	-3.1356
-64.716	-38.515	3.1085
-63.42	-41.939	-3.1033
-70.615	-28.563	2.9831
-72.891	-27.348	3.1368
-85.431	-52.274	-3.0432
-106.58	-53.926	-3.1363
124.61	-168.14	-3.0812
-143.55	148.46	3.0249
-89.34	164.75	2.9156
-62.625	148.65	-3.103
-57.306	-40.837	3.0544
-53.353	-38.512	-3.1095
-86.595	-19.578	-3.0719
-143.29	72.023	-2.9918
-72.053	156.41	-2.9818
-75.41	136.47	3.0114
-116.23	-18.876	3.0833
75.949	23.351	3.0932
-145.81	139.87	3.0344
-76.876	134.69	-3.1038
-127.71	-171.68	3.0622
-62.787	144.65	2.9927
-76.292	122.28	-2.9861
-111.38	12.479	-3.0802
-41.47	-56.104	-3.0604
-47.292	-45.466	3.0695
-77.193	0.70265	-2.9834
-112.07	1.0577	-3.0762
92.514	-177.31	-3.1271
-53.237	153.85	3.0399
-71.273	156.87	3.1258
-96.365	-22.095	3.1149
-152.24	158.64	3.0884
-153.46	145.29	-3.119
-109.86	177.46	-3.1192
-105.32	9.8917	3.005
152.83	-165.39	-3.0912
-145.49	144.43	3.0401
-132.42	155.47	3.1033
-108.88	139.37	3.0455
-82.939	147.59	3.0584
-50.559	126.08	-3.0532
-77.697	163.26	3.089
57.094	37.374	-3.0621
-142.29	107.81	-3.1071
-63.888	-45.114	-3.0825
-54.62	-51.786	-3.1342
-62.269	-38.038	3.0139
-60.987	-48.634	-3.0801
-65.826	-34.119	3.1279
-70.769	-36.273	3.0395
-60.449	-57.664	-3.1398
-50.751	-37.692	3.1043
-60.488	-21.486	-3.07
-101.79	-33.484	3.1412
-177.29	167.58	3.069
-64.767	145.45	-3.0784
-129.02	148.09	3.0584
-91.236	129.55	-3.1149
-136.66	160.22	3.101
-119.6	158.11	-3.1357
-163.48	165.05	3.0873
-81.169	116.08	3.1311
-109.09	-6.558	-2.9708
-71.857	-19.816	-3.1385
-67.579	145.13	-3.0406
-61.715	-33.341	-3.0529
-67.833	-44	3.0935
-63.533	-45.052	3.0184
-59.604	-36.224	-3.1153
-95.456	9.0474	-3.1402
-67.557	134.1	-3.1229
-127.58	-0.27112	3.0111
150.86	165.65	-3.1411
94.065	172.87	-3.1196
-82.316	120.83	-3.0808
-85.961	126.46	-3.0194
-117.98	3.5962	-3.044
97.776	-163.17	0.036392
-68.056	149.87	3.0931
-174.57	150.49	-3.1174
-94.196	-146.93	3.1319
-131.13	27.619	3.1272
-93.014	73.822	-3.0675
-56.602	133.07	-3.1312
-145.32	5.5684	-3.0518
-140.46	137.1	-3.134
-107.6	133.87	-3.0669
-141.01	-178.98	-3.0598
-126.88	133.16	3.1318
-93.192	120.18	-3.0133
-118.3	10.645	-3.1409
172.4	-178.2	3.1128
-163.1	166.46	3.0173
-149.52	-172.31	-2.9513
-54.142	-40.224	-3.0393
-124.71	11.5	-3.0459
-148.04	165.19	2.9329
-119.56	133.91	-3.0658
-94.127	120.51	-3.0657
-112.85	132.96	3.0028
-95.095	118.13	3.0631
-94.176	173.58	-3.0968
-124.5	43.948	3.0553
-114.97	31.794	3.1348
68.237	-177	-3.032
-72.302	-26.512	-3.0037
-74.231	3.4695	-3.127
-127.09	139.88	3.0758
67.063	-147.4	3.1342
-95.188	79.063	-3.0665
61.601	36.459	3.1372
98.526	-2.9225	-3.076
-108.76	160.02	2.9924
-135.44	142.83	2.8813
-102.51	115.65	-3.0381
-103.4	134.41	3.0736
-54.031	140.63	2.9584
-126.76	178.63	2.9599
68.231	38.239	3.1361
-105.27	-0.15216	3.1266
83.673	-7.0911	3.0259
-71.764	120.83	3.1387
-69.031	-34.609	3.0082
-68.359	-31.015	-3.0197
87.613	158.19	3.122
-65.96	130.66	-3.0067
55.996	34.461	3.1099
60.482	34.058	-3.0031
-60.935	-20.905	-3.0918
-101.08	26.486	-3.0448
-77.071	-53.729	-3.0444
-153.44	107.63	-3.0432
-132.82	132.42	-3.0167
-133.49	166.03	3.0479
-162.94	148.63	3.0569
-71.963	155.31	3.0475
-115.19	132.44	3.0853
-141.1	120.78	3.1097
